3.61,51032593,57,51032129
3.47,51034394,58,51034428
3.92,51036196,58,51034428
2.17,51037997,59,51036722
2.67,51039799,60,51039027
1.61,51042201,61,51041330
1.64,51044003,62,51043641
1.64,51045805,63,51045998
1.66,51047606,63,51045998
1.69,51049408,64,51048429
1.64,51051810,65,51050938
1.69,51053612,66,51053493
1.71,51055414,66,51053493
1.66,51057215,67,51056038
1.63,51059017,68,51058541
1.69,51061419,69,51061003
1.70,51063221,69,51061003
1.70,51065023,70,51063432
1.72,51066824,71,51065827
1.73,51068626,72,51068194
1.75,51071029,73,51070530
1.84,51072830,74,51072847
1.13,51074632,74,51072847
3.45,51076433,75,51075132
3.33,51078235,76,51077441
3.87,51080037,77,51079806
2.48,51082439,78,51082244
1.39,51084241,78,51082244
1.36,51086042,79,51084713
1.34,51087844,80,51087174
1.36,51089648,81,51089630
1.52,51092048,82,51092089
1.62,51093850,82,51092089
2.49,51095651,83,51094528
3.48,51097453,84,51096912
3.43,51099255,85,51099236
3.42,51101657,86,51101512
3.42,51103459,86,51101512
3.44,51105261,87,51103778
3.45,51107062,88,51106046
3.43,51108864,89,51108310
3.47,51111266,90,51110570
3.54,51113068,91,51112863
3.55,51114869,91,51112863
3.52,51116671,92,51115251
3.48,51118473,93,51117749
3.43,51120274,94,51120345
3.37,51122677,94,51120345
3.42,51124478,95,51122981
3.52,51126280,96,51125598
3.57,51128082,97,51128176
3.76,51129883,97,51128176
3.84,51132286,98,51130729
3.00,51134087,99,51133258
4.07,51135889,100,51135729
4.93,51137691,100,51135729
4.70,51139492,101,51138137
7.58,51141894,102,51140497
7.44,51143696,103,51142831
7.35,51145498,104,51145161
7.57,51147900,105,51147532
2.54,51149702,106,51149971
2.33,51151503,106,51149971
2.09,51153906,107,51152490
1.34,51155707,108,51155072
1.49,51157509,109,51157712
2.47,51159911,109,51157712
2.45,51161713,110,51160397
2.45,51163515,111,51163094
2.42,51165917,112,51165753
2.42,51167719,112,51165753
2.40,51169520,113,51168337
2.38,51171322,114,51170831
2.35,51173724,115,51173298
2.38,51175526,116,51175741
2.36,51177328,116,51175741
2.87,51179730,117,51178160
1.00,51181532,118,51180537
1.07,51183333,119,51182893
1.36,51185735,120,51185287
2.38,51187537,120,51185287
2.36,51189339,121,51187777
2.38,51191140,122,51190371
2.38,51193543,123,51193027
2.38,51195344,123,51193027
2.40,51197146,124,51195699
2.40,51199548,125,51198364
2.36,51201350,126,51201013
2.11,51203152,126,51201013
1.46,51205555,127,51203652
1.45,51207356,128,51206254
2.42,51209157,129,51208760
2.45,51210959,130,51211192
2.47,51213361,130,51211192
2.49,51215163,131,51213583
2.52,51216965,132,51215957
2.52,51219367,133,51218330
2.54,51221169,134,51220724
2.55,51222970,135,51223149
2.55,51225373,135,51223149
2.55,51227174,136,51225626
2.20,51228976,137,51228162
1.22,51230778,138,51230748
1.73,51233180,138,51230748
2.82,51234981,139,51233359
2.54,51236783,140,51235953
2.10,51239185,141,51238507
1.32,51240987,142,51241025
1.48,51242789,142,51241025
2.47,51245191,143,51243511
2.47,51246993,144,51245984
2.48,51248794,145,51248428
2.40,51250596,146,51250819
2.33,51252998,146,51250819
2.45,51254800,147,51253176
1.37,51256602,148,51255539
1.46,51259004,149,51257964
1.61,51260806,150,51260463
3.53,51262607,151,51263002
3.55,51265010,151,51263002
3.52,51266811,152,51265544
3.02,51268613,153,51268073
4.12,51271015,154,51270601
4.04,51272817,154,51270601
4.99,51274619,155,51273121
3.95,51276420,156,51275607
3.90,51278822,157,51278040
3.46,51280624,158,51280418
3.36,51282426,159,51282779
1.36,51284828,159,51282779
1.84,51286630,160,51285145
1.71,51288431,161,51287506
1.61,51290834,162,51289863
3.64,51292635,163,51292238
3.62,51294437,164,51294676
3.59,51296839,164,51294676
3.57,51298641,165,51297201
3.55,51300443,166,51299777
3.55,51302244,167,51302354
3.55,51304647,167,51302354
3.55,51306448,168,51304904
3.53,51308250,169,51307418
3.55,51310653,170,51309909
3.53,51312454,171,51312385
3.55,51314256,171,51312385
3.55,51316057,172,51314839
3.55,51318459,173,51317275
3.55,51320261,174,51319678
3.41,51322063,175,51322081
3.14,51324465,176,51324507
3.11,51326267,176,51324507
3.59,51328069,177,51327016
3.64,51330471,178,51329607
3.66,51332272,179,51332251
3.73,51334074,179,51332251
3.79,51335876,180,51334902
3.80,51338278,181,51337564
3.82,51340080,182,51340233
3.86,51341881,182,51340233
3.91,51344284,183,51342874
3.97,51346085,184,51345444
3.02,51347887,185,51347925
4.04,51350289,185,51347925
4.14,51352091,186,51350344
4.24,51353893,187,51352740
4.32,51355694,188,51355136
4.37,51358097,189,51357528
4.34,51359898,190,51359919
4.52,51361700,190,51359919
4.39,51364102,191,51362351
4.30,51365904,192,51364879
4.15,51367706,193,51367525
4.02,51370108,193,51367525
4.96,51371910,194,51370243
3.05,51373711,195,51372957
4.42,51375513,196,51375625
4.12,51377915,196,51375625
5.62,51379717,197,51378252
3.08,51381518,198,51380841
4.46,51383921,199,51383391
3.42,51385723,200,51385877
3.36,51387524,0,51387098
3.31,51389326,1,51388304
3.29,51391127,2,51390695
3.20,51393530,3,51393067
3.13,51395331,3,51393067
3.08,51397133,4,51395453
3.04,51398935,5,51397894
3.99,51400736,6,51400416
2.99,51402538,6,51400416
2.95,51404340,7,51403014
2.95,51406141,8,51405672
2.89,51407943,8,51405672
2.86,51409745,9,51408382
2.86,51411547,10,51411122
2.82,51413949,11,51413836
2.82,51415750,11,51413836
2.80,51417552,12,51416457
2.80,51419354,13,51418986
2.79,51421155,14,51421445
2.80,51423558,14,51421445
2.80,51425360,15,51423870
2.76,51427161,16,51426259
2.79,51428963,17,51428604
2.79,51430764,18,51430916
2.75,51433167,18,51430916
2.79,51434968,19,51433232
2.77,51436770,20,51435616
2.77,51438572,21,51438094
2.75,51440373,22,51440643
2.16,51442776,22,51440643
2.88,51444577,23,51443218
0.82,51446379,24,51445796
0.80,51448181,25,51448379
0.81,51449983,25,51448379
0.80,51452385,26,51450974
0.79,51454186,27,51453546
0.66,51455988,28,51456055
0.70,51457790,28,51456055
0.78,51459591,29,51458491
0.89,51461994,30,51460889
0.94,51463795,31,51463260
0.93,51465597,32,51465630
0.85,51467399,32,51465630
2.99,51469200,33,51468017
2.03,51471002,34,51470418
3.11,51473404,35,51472874
3.20,51475206,35,51472874
3.29,51477008,36,51475391
3.31,51478809,37,51477961
3.38,51480611,38,51480570
3.03,51482413,38,51480570
4.47,51484815,39,51483183
4.34,51486617,40,51485767
5.38,51488418,41,51488304
4.44,51490220,41,51488304
4.84,51492022,42,51490807
3.85,51494424,43,51493289
3.95,51496226,44,51495752
3.04,51498027,45,51498172
4.18,51499829,45,51498172
4.30,51501631,46,51500548
4.39,51504033,47,51502910
4.32,51505835,48,51505330
4.22,51507636,49,51507821
4.16,51509438,49,51507821
4.09,51511240,50,51510367
4.02,51513041,51,51512915
4.98,51515444,52,51515460
3.91,51517245,52,51515460
3.87,51519047,53,51517982
3.83,51520849,54,51520510
3.79,51522650,55,51523023
3.74,51525053,55,51523023
3.72,51526854,56,51525497
3.63,51528656,57,51527910
3.61,51530458,58,51530297
3.56,51532259,59,51532681
3.56,51534662,59,51532681
3.54,51536463,60,51535081
3.54,51538265,61,51537479
3.32,51540067,62,51539882
3.25,51541868,62,51539882
3.26,51543670,63,51542328
3.21,51546072,64,51544837
3.18,51547874,65,51547408
3.05,51549676,65,51547408
3.14,51551477,66,51550014
3.22,51553279,67,51552599
3.29,51555681,68,51555128
3.75,51557483,68,51555128
2.08,51559285,69,51557602
3.32,51561086,70,51560037
3.29,51562888,71,51562437
3.45,51564690,72,51564809
3.52,51567092,73,51567148
3.56,51568894,73,51567148
3.54,51570695,74,51569462
3.56,51572497,75,51571764
3.56,51574299,76,51574092
3.58,51576701,77,51576489
3.61,51578503,77,51576489
3.58,51580304,78,51578966
3.65,51582106,79,51581473
3.74,51583908,80,51583972
3.61,51586310,80,51583972
3.40,51588112,81,51586473
3.63,51589913,82,51588975
1.68,51591715,83,51591450
1.65,51593517,84,51593865
1.65,51595318,84,51593865
1.70,51597720,85,51596213
1.75,51599522,86,51598506
1.45,51601324,87,51600784
3.27,51603126,88,51603063
2.37,51604927,89,51605332
1.10,51606729,89,51605332
3.45,51609131,90,51607595
3.42,51610933,91,51609893
3.49,51612735,92,51612293
3.50,51614536,93,51614814
3.43,51616338,93,51614814
3.36,51618740,94,51617440
3.43,51620542,95,51620118
3.51,51622344,95,51620118
3.58,51624145,96,51622774
3.76,51625947,97,51625388
3.84,51628349,98,51627978
3.97,51630151,98,51627978
3.05,51631953,99,51630537
4.25,51633754,100,51633034
4.76,51635556,101,51635466
7.56,51637958,102,51637848
7.47,51639760,102,51637848
7.39,51641561,103,51640202
7.46,51643964,104,51642549
3.58,51645766,105,51644936
2.47,51647567,106,51647389
2.14,51649369,107,51649920
1.11,51651771,107,51649920
1.25,51653573,108,51652508
2.49,51655374,109,51655150
2.45,51657777,110,51657833
2.42,51659578,110,51657833
2.42,51661380,111,51660524
2.42,51663782,112,51663171
2.42,51665585,113,51665726
2.40,51667386,113,51665726
2.38,51669788,114,51668217
2.12,51671590,115,51670667
2.36,51673391,116,51673093
2.22,51675193,117,51675493
2.02,51677595,117,51675493
1.04,51679397,118,51677851
1.33,51681199,119,51680184
2.36,51683601,120,51682548
2.36,51685402,121,51684992
2.38,51687204,122,51687524
2.40,51689606,122,51687524
2.38,51691408,123,51690106
2.38,51693210,124,51692707
2.40,51695011,125,51695296
2.38,51697414,125,51695296
2.20,51699215,126,51697893
2.10,51701017,127,51700488
1.07,51703419,128,51703055
2.45,51705221,128,51703055
2.44,51707023,129,51705551
2.44,51709425,130,51707979
2.47,51711227,131,51710374
2.47,51713028,132,51712761
2.54,51714830,133,51715150
2.52,51717232,133,51715150
2.54,51719034,134,51717561
2.56,51720836,135,51720005
2.58,51723238,136,51722497
2.46,51725040,137,51725056
2.23,51726841,137,51725056
1.30,51729244,138,51727637
1.80,51731045,139,51730249
2.80,51732862,140,51732844
2.50,51734649,140,51732844
1.06,51737051,141,51735398
1.21,51738852,142,51737917
2.43,51740654,143,51740410
2.45,51743056,144,51742894
2.43,51744858,144,51742894
2.46,51746660,145,51745351
2.39,51749062,146,51747755
2.27,51750864,147,51750127
2.36,51752665,148,51752507
1.35,51754467,149,51754948
1.32,51756869,149,51754948
3.54,51758671,150,51757457
3.51,51760473,151,51759997
3.50,51762875,152,51762531
3.61,51764677,152,51762531
3.14,51766478,153,51765045
4.06,51768880,154,51767549
4.04,51770682,155,51770041
4.97,51772484,156,51772501
3.91,51774286,156,51772501
3.86,51776688,157,51774907
3.79,51778489,158,51777266
1.36,51780291,159,51779610
1.90,51782693,160,51781963
1.70,51784495,161,51784319
1.94,51786297,162,51786673
1.68,51788699,162,51786673
3.62,51790501,163,51789053
3.60,51792302,164,51791492
3.59,51794104,165,51794026
3.56,51796506,166,51796612
3.55,51798308,166,51796612
3.55,51800110,167,51799208
3.55,51802512,168,51801763
3.53,51804314,169,51804277
3.55,51806116,169,51804277
3.55,51808518,170,51806762
3.55,51810319,171,51809229
3.53,51812121,172,51811669
3.52,51813923,173,51814082
3.55,51816325,174,51816463
3.56,51818126,174,51816463
3.04,51819928,175,51818831
3.04,51822330,176,51821216
3.18,51824132,177,51823671
3.64,51825934,178,51826207
3.66,51828336,178,51826207
3.71,51830138,179,51828786
3.77,51831939,180,51831373
3.80,51833741,181,51833965
3.79,51836143,181,51833965
3.84,51837945,182,51836566
3.86,51839747,183,51839143
3.90,51842149,184,51841651
4.00,51843951,185,51844081
3.04,51845753,185,51844081
4.06,51848155,186,51846450
4.17,51849956,187,51848803
4.28,51851758,188,51851149
4.35,51853560,189,51853494
4.33,51855962,190,51855845
4.43,51857764,190,51855845
4.45,51859565,191,51858240
4.37,51861967,192,51860732
4.29,51863769,193,51863343
4.06,51865571,194,51866030
4.01,51867973,194,51866030
4.91,51869775,195,51868718
3.98,51871576,196,51871369
4.83,51873979,197,51873996
3.93,51875780,197,51873996
4.39,51877582,198,51876564
4.49,51879384,199,51879106
3.44,51881786,200,51881584
3.38,51883588,0,51882800
3.32,51885389,1,51884001
3.30,51887191,2,51886378
3.24,51888993,3,51888735
3.15,51890794,4,51891103
3.08,51892596,4,51891103
3.06,51894398,5,51893522
3.02,51896800,6,51896014
3.99,51898602,7,51898579
2.93,51900403,7,51898579
2.95,51902205,8,51901206
2.89,51904007,9,51903883
2.88,51905809,9,51903883
2.86,51907610,10,51906595
2.82,51909412,11,51909291
2.82,51911213,11,51909291
2.80,51913616,12,51911911
2.78,51915417,13,51914431
2.79,51917219,14,51916896
2.80,51919021,15,51919329
2.80,51920822,15,51919329
2.79,51923225,16,51921736
2.79,51925026,17,51924103
2.77,51926828,18,51926439
2.77,51928630,19,51928781
2.81,51930431,19,51928781
2.80,51932233,20,51931197
2.77,51934635,21,51933711
2.75,51936437,22,51936292
2.36,51938239,22,51936292
2.88,51940041,23,51938896
0.86,51941842,24,51941490
0.79,51943644,25,51944085
0.88,51946046,25,51944085
0.84,51947848,26,51946678
0.75,51949649,27,51949239
0.68,51951451,28,51951732
0.68,51953253,28,51951732
0.71,51955655,29,51954152
0.85,51957457,30,51956525
0.91,51959258,31,51958889
0.05,51961060,32,51961248
1.91,51962862,32,51961248
2.96,51964663,33,51963621
2.03,51967066,34,51966036
3.15,51968867,35,51968515
3.27,51970669,35,51968515
3.29,51972471,36,51971065
3.33,51974272,37,51973689
3.39,51976675,38,51976330
3.67,51978476,38,51976330
4.47,51980278,39,51978988
4.37,51982080,40,51981600
5.72,51983881,41,51984157
3.73,51986284,41,51984157
4.81,51988085,42,51986670
3.85,51989887,43,51989154
3.91,51991689,44,51991609
3.02,51993490,44,51991609
4.18,51995893,45,51994016
4.30,51997694,46,51996374
4.41,51999496,47,51998719
4.32,52001298,48,52001112
4.21,52003099,48,52001112
4.21,52004901,49,52003586
4.05,52007303,50,52006119
4.01,52009105,51,52008631
4.96,52010907,51,52008631
3.92,52012708,52,52011143
3.87,52014510,53,52013651
3.83,52016312,54,52016157
3.81,52018714,55,52018652
3.77,52020516,55,52018652
3.70,52022317,56,52021107
3.65,52024119,57,52023507
3.61,52025921,58,52025885
3.56,52028323,59,52028263
3.54,52030125,59,52028263
3.52,52031926,60,52030656
3.52,52033728,61,52033049
3.29,52035530,62,52035453
3.23,52037932,63,52037911
3.26,52039734,63,52037911
3.22,52041535,64,52040448
3.19,52043337,65,52043060
3.11,52045139,65,52043060
3.16,52047541,66,52045711
3.25,52049343,67,52048337
3.21,52051144,68,52050901
3.95,52052946,68,52050901
2.98,52054748,69,52053405
2.25,52057150,70,52055864
3.36,52058952,71,52058283
3.40,52060753,72,52060669
3.34,52062555,72,52060669
3.54,52064357,73,52063021
3.56,52066759,74,52065340
3.56,52068561,75,52067652
3.56,52070362,76,52069991
3.56,52072164,77,52072397
3.58,52073966,77,52072397
3.61,52076368,78,52074896
3.67,52078170,79,52077444
3.67,52079971,80,52079997
3.61,52081773,80,52079997
3.46,52083575,81,52082559
3.64,52085977,82,52085134
1.64,52087779,83,52087692
1.68,52089580,83,52087692
1.64,52091382,84,52090198
1.71,52093184,85,52092609
1.73,52095586,86,52094973
1.42,52097388,87,52097324
3.45,52099189,87,52097324
1.38,52100991,88,52099676
1.57,52102793,89,52102016
2.43,52104594,90,52104346
3.45,52106996,91,52106708
3.50,52108798,91,52106708
3.48,52110600,92,52109171
3.43,52112402,93,52111751
3.38,52114203,94,52114428
3.41,52116605,94,52114428
3.50,52118407,95,52117136
3.56,52120209,96,52119808
3.73,52122011,96,52119808
3.82,52123812,97,52122423
3.90,52125614,98,52124999
3.05,52128016,99,52127544
4.28,52129818,99,52127544
4.76,52131619,100,52130022
7.63,52133421,101,52132433
7.51,52135223,102,52134798
7.40,52137625,103,52137134
7.37,52139427,104,52139465
3.56,52141228,104,52139465
2.54,52143631,105,52141847
2.08,52145432,106,52144273
2.08,52147234,107,52146786
1.10,52149636,108,52149356
2.47,52151438,108,52149356
2.45,52153240,109,52151982
2.45,52155041,110,52154649
2.45,52157444,111,52157326
2.42,52159245,111,52157326
2.38,52161047,112,52159963
2.42,52163449,113,52162514
2.38,52165251,114,52165005
2.38,52167053,115,52167456
2.38,52169455,115,52167456
2.36,52171257,116,52169885
2.95,52173058,117,52172292
1.00,52174860,118,52174661
1.05,52177262,119,52177010
1.36,52179064,119,52177010
2.38,52180866,120,52179400
2.38,52183268,121,52181887
2.36,52185069,122,52184486
2.38,52186871,123,52187142
2.38,52189273,123,52187142
2.40,52191075,124,52189822
2.40,52192877,125,52192497
2.36,52194678,126,52195170
2.37,52197081,126,52195170
1.25,52198882,127,52197830
1.42,52200684,128,52200444
2.42,52203086,129,52202972
2.44,52204888,129,52202972
2.45,52206690,130,52205418
2.47,52209092,131,52207819
2.52,52210894,132,52210203
2.52,52212695,133,52212582
2.54,52214497,134,52214978
2.56,52216899,134,52214978
2.55,52218701,135,52217405
2.56,52220503,136,52219880
2.31,52222905,137,52222415
2.18,52224707,137,52222415
1.51,52226508,138,52225000
2.82,52228911,139,52227606
2.75,52230712,140,52230197
2.15,52232514,141,52232751
1.05,52234315,141,52232751
1.59,52236718,142,52235270
2.42,52238519,143,52237763
2.49,52240321,144,52240247
2.40,52242723,145,52242704
2.43,52244525,145,52242704
2.36,52246327,146,52245111
2.91,52248729,147,52247485
1.41,52250531,148,52249869
1.42,52252343,149,52252324
1.62,52254735,149,52252324
3.53,52256536,150,52254864
3.52,52258338,151,52257450
3.52,52260140,152,52260035
3.61,52262542,153,52262607
3.17,52264344,153,52262607
4.04,52266146,154,52265174
4.02,52268547,155,52267730
4.97,52270349,156,52270253
3.90,52272151,156,52270253
3.86,52274553,157,52272720
3.21,52276355,158,52275127
2.36,52278156,159,52277516
1.86,52279958,160,52279908
1.73,52282360,161,52282298
1.86,52284162,161,52282298
1.68,52285964,162,52284681
3.64,52288366,163,52287085
3.60,52290168,164,52289551
3.59,52291969,165,52292107
3.58,52294372,165,52292107
3.55,52296173,166,52294716
3.55,52297975,167,52297320
3.56,52299777,168,52299880
3.55,52302179,168,52299880
3.55,52303981,169,52302393
3.55,52305782,170,52304873
3.55,52308185,171,52307336
3.55,52309986,172,52309771
3.55,52311788,173,52312181
3.55,52314190,173,52312181
3.56,52315992,174,52314565
3.08,52317793,175,52316946
3.03,52320196,176,52319357
3.09,52321997,177,52321851
3.64,52323799,177,52321851
3.68,52325601,178,52324453
3.73,52328003,179,52327124
3.75,52329805,180,52329821
3.79,52331606,180,52329821
3.79,52334009,181,52332527
3.82,52335810,182,52335251
3.86,52337612,183,52337945
3.90,52340015,183,52337945
3.97,52341816,184,52340556
3.04,52343618,185,52343075
4.08,52345419,186,52345520
4.17,52347822,187,52347938
4.26,52349623,187,52347938
4.35,52351425,188,52350349
4.32,52353827,189,52352751
4.36,52355629,190,52355152
4.44,52357431,191,52357588
4.37,52359833,191,52357588
4.31,52361634,192,52360117
4.11,52363436,193,52362759
4.01,52365238,194,52365472
4.95,52367640,194,52365472
3.98,52369442,195,52368178
4.75,52371243,196,52370836
3.04,52373646,197,52373450
5.17,52375447,197,52373450
4.60,52377249,198,52376023
3.44,52379652,199,52378555
3.39,52381453,200,52381021
3.33,52383255,1,52383424
3.29,52385056,1,52383424
3.27,52386858,2,52385788
3.17,52388660,3,52388130
3.08,52390461,4,52390485
3.08,52392864,5,52392892
3.04,52394665,5,52392892
3.02,52396467,6,52395382
3.99,52398269,7,52397959
2.94,52400070,7,52397959
2.90,52401872,8,52400608
2.89,52403674,9,52403317
2.88,52405475,9,52403317
2.84,52407277,10,52406067
2.84,52409079,11,52408798
2.82,52411481,12,52411441
2.80,52413283,12,52411441
2.81,52415085,13,52413995
2.79,52416886,14,52416482
2.77,52418688,15,52418935
2.80,52421090,15,52418935
2.80,52422892,16,52421358
2.79,52424693,17,52423735
2.79,52426495,18,52426080
2.79,52428297,19,52428429
2.79,52430699,19,52428429
2.77,52432501,20,52430851
2.79,52434302,21,52433367
2.70,52436104,22,52435950
2.16,52437906,22,52435950
2.82,52440308,23,52438554
0.84,52442110,24,52441146
0.79,52443911,25,52443737
0.81,52445713,25,52443737
0.82,52447515,26,52446332
0.74,52449316,27,52448880
0.68,52451719,28,52451368
0.71,52453520,28,52451368
0.73,52455322,29,52453783
0.91,52457124,30,52456152
0.89,52458925,31,52458506
0.25,52461328,32,52460857
1.96,52463129,33,52463229
2.98,52464931,33,52463229
2.05,52466733,34,52465628
3.17,52468534,35,52468095
3.22,52470937,36,52470633
3.31,52472738,36,52470633
3.33,52474540,37,52473240
3.39,52476342,38,52475889
3.64,52478143,39,52478546
4.36,52480546,39,52478546
4.35,52482347,40,52481171
5.71,52484149,41,52483744
3.72,52485951,42,52486277
4.82,52487752,42,52486277
3.85,52489554,43,52488784
4.00,52491956,44,52491269
3.04,52493758,45,52493705
4.20,52495560,45,52493705
4.30,52497361,46,52496090
4.39,52499163,47,52498453
4.30,52501565,48,52500858
4.27,52503367,49,52503335
4.14,52505169,49,52503335
4.05,52506970,50,52505847
4.03,52508772,51,52508349
4.96,52511174,52,52510827
3.91,52512976,52,52510827
3.83,52514778,53,52513297
3.83,52516579,54,52515757
3.79,52518381,55,52518201
3.77,52520183,56,52520610
3.67,52522585,56,52520610
3.63,52524387,57,52522970
3.58,52526189,58,52525307
3.58,52527990,59,52527648
3.56,52529792,60,52530011
3.54,52532194,60,52530011
3.49,52533996,61,52532379
3.30,52535797,62,52534760
3.23,52537599,63,52537193
3.25,52539401,64,52539697
3.20,52541803,64,52539697
3.16,52543605,65,52542274
3.02,52545406,66,52544889
3.16,52547208,67,52547488
3.21,52549010,67,52547488
3.29,52550811,68,52550029
3.48,52553214,69,52552513
2.09,52555015,70,52554957
3.23,52556817,70,52554957
3.31,52558619,71,52557366
3.40,52560420,72,52559745
3.56,52562823,73,52562093
3.54,52564624,74,52564412
3.54,52566426,74,52564412
3.56,52568228,75,52566722
3.56,52570029,76,52569055
3.58,52572431,77,52571467
3.61,52574233,78,52573972
3.65,52576035,78,52573972
3.69,52577837,79,52576529
3.71,52579638,80,52579091
3.61,52581440,81,52581669
3.51,52583842,81,52581669
2.59,52585644,82,52584271
1.66,52587446,83,52586862
1.71,52589247,84,52589380
1.64,52591049,84,52589380
1.73,52593451,85,52591831
1.88,52595253,86,52594224
1.33,52597055,87,52596598
3.33,52598856,88,52598970
1.36,52600658,88,52598970
1.49,52602460,89,52601327
3.42,52604862,90,52603677
3.43,52606664,91,52606043
3.54,52608465,92,52608503
3.48,52610267,92,52608503
3.41,52612069,93,52611063
3.36,52614471,94,52613705
3.43,52616272,95,52616371
3.52,52618074,95,52616371
3.59,52619876,96,52618996
3.73,52621678,97,52621563
3.86,52623479,97,52621563
3.02,52625881,98,52624097
4.07,52627683,99,52626591
4.70,52629485,100,52629029
5.70,52631286,101,52631404
7.54,52633689,101,52631404
7.44,52635490,102,52633734
7.35,52637292,103,52636041
7.59,52639094,104,52638348
2.56,52641496,105,52640699
2.47,52643298,106,52643126
2.12,52645099,106,52643126
1.07,52647502,107,52645640
1.36,52649303,108,52648220
2.47,52651105,109,52650865
2.47,52653507,109,52650865
2.45,52655309,110,52653560
2.42,52657111,111,52656267
2.42,52659513,112,52658932
2.40,52661315,112,52658932
2.38,52663116,113,52661502
2.40,52664918,114,52664003
2.21,52667320,115,52666458
2.38,52669122,116,52668885
2.33,52670924,117,52671283
2.33,52673326,117,52671283
2.00,52675128,118,52673636
0.77,52676929,119,52675964
1.36,52679332,120,52678325
2.38,52681133,121,52680774
2.38,52682935,121,52680774
2.38,52684736,122,52683319
2.38,52687139,123,52685922
2.38,52688940,124,52688542
2.36,52690742,125,52691161
2.40,52693144,125,52691161
2.24,52694946,126,52693782
2.10,52696748,127,52696398
1.02,52699150,128,52698980
2.42,52700952,128,52698980
2.42,52702753,129,52701486
2.45,52705156,130,52703922
2.47,52706957,131,52706324
2.49,52708759,132,52708716
2.52,52710561,133,52711111
2.54,52712963,133,52711111
2.52,52714765,134,52713528
2.56,52716566,135,52715982
2.55,52718968,136,52718470
2.56,52720770,137,52721022
2.23,52722572,137,52721022
1.28,52724974,138,52723618
1.80,52726776,139,52726234
2.80,52728577,140,52728830
2.58,52730980,140,52728830
1.11,52732781,141,52731383
1.25,52734583,142,52733896
1.43,52736396,143,52736378
2.46,52738787,144,52738850
2.43,52740589,144,52738850
2.44,52742390,145,52741294
2.39,52744793,146,52743687
2.27,52746595,147,52746048
2.34,52748396,148,52748417
1.41,52750798,149,52750849
1.12,52752600,149,52750849
3.53,52754402,150,52753353
3.49,52756804,151,52755897
3.48,52758605,152,52758439
3.56,52760407,152,52758439
3.17,52762209,153,52760969
4.06,52764611,154,52763494
4.04,52766413,155,52766013
4.97,52768214,156,52768502
3.91,52770617,156,52768502
3.88,52772418,157,52770940
3.38,52774220,158,52773325
2.33,52776623,159,52775697
1.77,52778424,160,52778075
1.69,52780226,161,52780453
1.82,52782027,161,52780453
1.68,52784430,162,52782830
3.64,52786232,163,52785233
3.59,52788033,164,52787692
3.57,52790435,165,52790241
3.58,52792237,165,52790241
3.55,52794039,166,52792855
3.55,52796441,167,52795454
3.55,52798243,168,52798024
3.55,52800044,168,52798024
3.55,52801846,169,52800555
3.53,52804248,170,52803064
3.53,52806050,171,52805544
3.55,52807852,172,52807998
3.55,52810254,172,52807998
3.55,52812055,173,52810436
3.55,52813857,174,52812850
3.05,52816259,175,52815261
3.18,52818061,176,52817695
3.13,52819863,177,52820207
3.59,52822265,177,52820207
3.64,52824067,178,52822815
3.73,52825868,179,52825471
3.75,52827670,180,52828131
3.80,52830072,180,52828131
3.81,52831874,181,52830796
3.84,52833676,182,52833466
3.88,52836078,183,52836105
3.90,52837880,183,52836105
4.00,52839681,184,52838664
3.04,52842084,185,52841134
4.04,52843885,186,52843540
4.17,52845687,187,52845928
4.28,52847489,187,52845928
4.33,52849891,188,52848309
4.35,52851692,189,52850689
4.34,52853494,190,52853072
4.47,52855896,191,52855497
4.40,52857698,192,52858016
4.29,52859500,192,52858016
4.11,52861902,193,52860653
4.98,52863704,194,52863361
3.91,52865505,194,52863361
3.72,52867908,195,52866064
4.78,52869709,196,52868719
3.95,52871511,197,52871336
4.82,52873913,198,52873930
3.90,52875715,198,52873930
3.44,52877517,199,52876459
3.38,52879318,200,52878938
3.36,52881721,1,52881356
3.33,52883522,1,52881356
3.24,52885324,2,52883735
3.20,52887126,3,52886089
3.13,52888927,4,52888454
3.06,52890729,5,52890867
3.04,52892531,5,52890867
3.02,52894332,6,52893354
3.99,52896134,7,52895911
2.94,52898547,8,52898529
2.92,52900338,8,52898529
2.89,52902140,9,52901196
2.86,52903941,10,52903897
2.84,52905743,10,52903897
2.84,52907545,11,52906580
2.82,52909346,12,52909180
2.80,52911749,13,52911699
2.80,52913550,13,52911699
2.79,52915352,14,52914168
2.80,52917154,15,52916586
2.80,52918955,16,52918987
2.81,52921369,17,52921350
2.77,52923159,17,52921350
2.79,52924961,18,52923682
2.79,52926763,19,52926020
2.78,52928564,20,52928434
2.77,52930967,21,52930949
2.79,52932768,21,52930949
2.61,52934570,22,52933538
2.80,52936372,23,52936154
1.85,52938173,23,52936154
0.82,52940576,24,52938765
0.79,52942377,25,52941380
0.78,52944179,26,52943994
0.80,52945981,26,52943994
0.71,52947782,27,52946599
0.70,52949584,28,52949104
0.68,52951986,29,52951550
0.73,52953788,30,52953950
0.90,52955590,30,52953950
0.90,52957391,31,52956333
0.18,52959193,32,52958708
1.99,52961595,33,52961093
2.01,52963397,34,52963508
3.05,52965199,34,52963508
3.20,52967000,35,52965976
3.29,52968802,36,52968498
3.31,52971204,37,52971075
3.36,52973006,37,52971075
3.49,52974808,38,52973683
3.18,52976609,39,52976292
4.61,52978411,39,52976292
3.35,52980213,40,52978868
5.91,52982615,41,52981395
4.95,52984417,42,52983887
3.85,52986218,43,52986360
3.88,52988020,43,52986360
3.00,52989822,44,52988813
4.13,52992224,45,52991226
4.26,52994026,46,52993598
4.34,52995827,47,52995958
4.38,52997629,47,52995958
4.32,52999431,48,52998372
4.23,53001833,49,53000872
4.09,53003634,50,53003422
4.05,53005436,50,53003422
4.01,53007238,51,53005978
4.96,53009040,52,53008516
3.87,53011442,53,53011050
3.83,53013243,53,53011050
3.80,53015045,54,53013578
3.79,53016847,55,53016085
3.74,53018649,56,53018555
3.70,53021051,57,53020966
3.58,53022853,57,53020966
3.58,53024654,58,53023350
3.56,53026456,59,53025732
3.56,53028258,60,53028129
3.54,53030660,61,53030528
3.41,53032461,61,53030528
3.26,53034263,62,53032934
3.21,53036065,63,53035386
3.27,53037866,64,53037907
3.19,53040269,64,53037907
3.13,53042070,65,53040496
3.07,53043872,66,53043116
3.18,53045674,67,53045712
3.23,53047475,67,53045712
3.25,53049878,68,53048245
3.72,53051679,69,53050721
2.29,53053481,70,53053154
3.22,53055283,71,53055551
3.34,53057084,71,53055551
3.45,53058886,72,53057918
3.52,53061288,73,53060250
3.54,53063090,74,53062556
3.56,53064892,75,53064853
3.56,53066694,75,53064853
3.56,53068495,76,53067180
3.61,53070897,77,53069579
3.61,53072699,78,53072071
3.65,53074501,79,53074611
3.71,53076302,79,53074611
3.61,53078104,80,53077157
3.58,53080506,81,53079716
3.93,53082310,82,53082292
1.63,53084110,82,53082292
1.67,53085911,83,53084849
1.69,53087713,84,53087345
1.68,53090115,85,53089769
1.74,53091917,85,53089769
1.39,53093719,86,53092135
2.32,53095520,87,53094488
3.39,53097322,88,53096843
1.35,53099724,89,53099188
1.44,53101528,90,53101525
3.41,53103328,90,53101525
3.43,53105129,91,53103897
3.52,53106931,92,53106366
3.46,53108733,93,53108955
3.37,53111135,93,53108955
3.36,53112937,94,53111644
3.46,53114738,95,53114362
3.54,53116540,95,53114362
3.61,53118342,96,53117039
3.79,53120744,97,53119653
3.86,53122546,98,53122227
3.04,53124347,98,53122227
4.16,53126149,99,53124757
4.58,53127951,100,53127222
7.63,53130353,101,53129617
7.53,53132155,102,53131962
7.41,53133956,103,53134279
7.86,53136359,103,53134279
6.58,53138160,104,53136591
2.56,53139962,105,53138945
2.34,53141764,106,53141369
2.12,53144166,107,53143875
1.21,53145968,107,53143875
1.49,53147769,108,53146448
2.47,53150172,109,53149081
2.45,53151973,110,53151760
2.42,53153775,110,53151760
2.42,53155576,111,53154455
2.42,53157979,112,53157112
2.42,53159780,113,53159681
2.40,53161582,113,53159681
2.38,53163984,114,53162200
2.12,53165786,115,53164655
2.36,53167588,116,53167099
2.22,53169990,117,53169520
2.98,53171792,118,53171899
0.02,53173593,118,53171899
1.35,53175395,119,53174256
2.38,53177797,120,53176652
2.38,53179599,121,53179145
2.36,53181401,122,53181742
2.38,53183803,122,53181742
2.36,53185605,123,53184396
2.38,53187406,124,53187058
2.38,53189808,125,53189704
2.40,53191610,125,53189704
2.89,53193412,126,53192339
1.12,53195214,127,53194957
1.23,53197616,128,53197532
2.39,53199417,128,53197532
2.42,53201219,129,53200036
2.47,53203621,130,53202442
2.47,53205423,131,53204814
2.52,53207225,132,53207172
2.52,53209627,133,53209525
2.53,53211429,133,53209525
2.56,53213230,134,53211898
2.55,53215032,135,53214299
2.58,53217434,136,53216751
2.44,53219236,137,53219261
2.19,53221038,137,53219261
1.38,53223440,138,53221821
1.80,53225242,139,53224407
2.80,53227043,140,53226984
2.25,53229446,141,53229528
1.09,53231247,141,53229528
1.37,53233049,142,53232042
2.44,53235451,143,53234531
2.49,53237253,144,53237014
2.41,53239055,145,53239470
2.44,53241457,145,53239470
2.37,53243258,146,53241874
2.29,53245060,147,53244242
2.36,53246862,148,53246614
1.39,53249264,149,53249047
1.94,53251066,149,53249047
2.53,53252867,150,53251548
3.53,53255270,151,53254085
3.50,53257071,152,53256614
3.62,53258873,153,53259130
3.15,53261275,153,53259130
4.09,53263077,154,53261642
5.00,53264879,155,53264145
3.97,53266680,156,53266618
3.93,53269083,157,53269042
3.88,53270884,157,53269042
3.20,53272686,158,53271418
2.33,53275088,159,53273781
1.84,53276890,160,53276151
1.68,53278692,161,53278519
1.94,53281094,162,53280882
1.68,53282896,162,53280882
3.62,53284697,163,53283267
3.60,53287100,164,53285713
3.57,53288901,165,53288244
3.57,53290703,166,53290824
3.55,53292504,166,53290824
3.58,53294907,167,53293404
3.55,53296708,168,53295946
3.55,53298510,169,53298453
3.55,53300912,170,53300936
3.55,53302714,170,53300936
3.53,53304516,171,53303411
3.55,53306918,172,53305851
3.55,53308720,173,53308281
3.55,53310521,174,53310690
3.56,53312924,174,53310690
3.06,53314725,175,53313097
3.03,53316527,176,53315531
3.23,53318929,177,53318043
3.62,53320731,178,53320647
3.64,53322533,178,53320647
3.73,53324334,179,53323294
3.75,53326737,180,53325939