3.74,42710628,131,42708351
3.72,42712429,132,42710805
3.84,42714231,133,42713253
3.23,42716633,134,42715713
4.11,42718434,135,42718197
4.08,42720236,135,42718197
4.04,42722638,136,42720725
4.98,42724440,137,42723308
3.05,42726242,138,42725936
4.31,42728644,139,42728569
4.29,42730446,139,42728569
4.29,42732247,140,42731176
4.27,42734650,141,42733737
4.22,42736451,142,42736269
4.20,42738854,143,42738777
4.16,42740655,143,42738777
4.12,42742457,144,42741276
4.09,42744859,145,42743721
4.07,42746661,146,42746124
4.05,42748463,146,42746124
4.05,42750865,147,42748496
4.05,42752666,148,42750882
4.02,42754468,149,42753315
4.00,42756871,150,42755815
4.98,42758673,151,42758339
3.96,42760474,151,42758339
3.71,42762876,152,42760848
3.16,42764678,153,42763333
3.37,42766479,154,42765807
2.52,42768882,155,42768275
1.45,42770683,155,42768275
1.43,42772485,156,42770717
1.52,42774887,157,42773110
1.41,42776689,158,42775452
2.57,42778491,159,42777773
3.43,42780893,160,42780098
3.39,42782694,161,42782423
3.34,42784496,161,42782423
3.61,42786899,162,42784742
2.87,42788700,163,42787079
1.81,42790503,164,42789462
1.03,42792904,165,42791916
2.25,42794706,166,42794407
3.80,42796508,166,42794407
3.80,42798912,167,42796887
3.78,42800711,168,42799324
3.71,42802513,169,42801721
3.72,42804915,170,42804105
3.67,42806717,171,42806478
3.65,42808519,171,42806478
3.61,42810921,172,42808827
3.61,42812723,173,42811164
3.61,42814525,174,42813486
3.58,42816928,175,42815819
3.58,42818728,176,42818162
3.58,42820530,176,42818162
3.58,42822932,177,42820608
3.58,42824734,178,42823170
3.61,42826536,179,42825771
3.58,42828938,180,42828384
3.17,42830740,180,42828384
3.15,42832542,181,42831020
3.63,42834944,182,42833672
3.70,42836745,183,42836300
3.72,42839148,184,42838853
3.79,42840949,184,42838853
3.81,42842751,185,42841329
3.83,42845153,186,42843752
3.86,42846955,187,42846160
3.89,42848756,188,42848560
3.91,42851158,189,42850954
3.98,42852960,189,42850954
3.02,42854762,190,42853360
4.07,42857165,191,42855806
4.14,42858966,192,42858353
4.25,42860768,192,42858353
4.32,42863170,193,42861022
4.34,42864972,194,42863747
4.32,42866773,195,42866435
4.46,42869176,196,42869080
4.28,42870978,196,42869080
4.11,42872779,197,42871698
4.97,42875181,198,42874279
3.90,42876985,199,42876827
3.23,42878785,199,42876827
4.70,42881187,0,42880529
3.70,42882988,1,42881740
4.92,42884790,2,42884136
4.65,42886592,3,42886511
3.42,42888394,3,42886511
3.31,42890196,4,42888910
3.27,42891997,5,42891367
3.31,42894399,6,42893920
3.11,42896201,6,42893920
3.06,42898003,7,42896552
3.04,42899804,8,42899237
4.00,42901606,8,42899237
2.93,42903408,9,42901979
2.88,42905210,10,42904753
2.84,42907611,11,42907500
2.83,42909414,11,42907500
2.79,42911215,12,42910142
2.79,42913017,13,42912713
2.79,42914818,13,42912713
2.79,42917221,14,42915218
2.77,42919022,15,42917690
2.75,42920824,16,42920125
2.75,42922625,17,42922519
2.70,42925028,18,42924883
2.70,42926830,18,42924883
2.68,42928631,19,42927255
2.68,42930433,20,42929702
2.68,42932235,20,42929702
2.64,42934636,21,42932252
2.68,42936438,22,42934850
2.66,42938240,23,42937460
2.67,42940042,23,42937460
2.69,42941844,24,42940061
2.67,42944246,25,42942668
2.63,42946048,26,42945267
2.63,42947858,27,42947839
2.58,42949651,27,42947839
2.58,42952053,28,42950347
2.58,42953855,29,42952773
2.61,42955657,30,42955161
2.65,42957460,30,42955161
2.68,42959860,31,42957524
2.70,42961662,32,42959884
2.75,42963464,33,42962256
2.79,42965265,34,42964655
2.79,42967667,35,42967110
2.81,42969470,35,42967110
2.81,42971271,36,42969618
2.81,42973073,37,42972184
2.83,42974874,38,42974773
2.86,42977278,38,42974773
2.88,42979079,39,42977347
2.97,42980880,40,42979886
2.02,42982682,41,42982386
3.04,42985084,42,42984852
3.79,42986886,42,42984852
2.09,42988687,43,42987297
3.07,42990489,44,42989719
3.98,42992291,45,42992097
2.00,42994693,46,42994438
3.75,42996495,46,42994438
1.87,42998296,47,42996773
0.83,43000099,48,42999154
0.74,43001900,49,43001621
0.71,43004302,50,43004126
0.73,43006104,50,43004126
0.71,43007905,51,43006632
0.70,43009708,52,43009124
0.72,43012109,53,43011619
0.77,43013911,53,43011619
0.84,43015713,54,43014111
0.20,43017516,55,43016585
3.93,43019916,56,43019033
3.83,43021718,57,43021427
3.79,43023520,57,43021427
3.72,43025322,58,43023794
3.63,43027123,59,43026161
3.56,43029526,60,43028541
3.56,43031327,61,43030925
3.54,43033129,61,43030925
3.50,43034931,62,43033318
3.47,43037334,63,43035760
3.45,43039135,64,43038275
3.45,43040936,65,43040856
3.43,43042738,65,43040856
3.40,43045140,66,43043462
3.36,43046942,67,43046037
3.36,43048744,68,43048569
3.05,43050546,68,43048569
3.98,43052947,69,43051051
2.79,43054749,70,43053485
2.92,43056551,71,43055889
2.90,43058353,72,43058271
2.88,43060154,72,43058271
2.94,43062557,73,43060624
2.99,43064358,74,43062951
2.14,43066160,75,43065268
3.79,43067962,76,43067618
2.77,43070364,77,43070048
1.95,43072166,77,43070048
2.05,43073967,78,43072569
3.17,43075769,79,43075113
3.09,43077572,79,43075113
3.38,43079973,80,43077652
3.43,43081775,81,43080213
3.43,43083576,82,43082776
3.45,43085378,83,43085312
3.47,43087780,83,43085312
3.50,43089582,84,43087797
3.52,43091384,85,43090202
3.46,43093186,86,43092542
3.49,43094987,87,43094870
3.54,43097389,88,43097197
3.56,43099192,88,43097197
3.45,43100993,89,43099500
3.45,43102794,90,43101801
3.45,43105196,91,43104135
3.63,43106998,92,43106558
1.54,43108800,92,43106558
1.52,43110602,93,43109099
1.56,43113003,94,43111715
1.46,43114805,95,43114350
1.40,43116607,95,43114350
1.34,43118409,96,43116944
1.25,43120211,97,43119504
1.24,43122612,98,43122052
1.43,43124414,98,43122052
3.40,43126216,99,43124566
3.33,43128018,100,43127029
3.32,43130420,101,43129430
3.40,43132222,102,43131789
3.27,43134023,102,43131789
4.36,43136426,103,43134123
3.48,43138228,104,43136450
3.74,43140029,105,43138823
3.89,43142431,106,43141265
3.06,43144233,107,43143787
4.96,43146035,107,43143787
4.54,43148437,108,43146355
7.44,43150239,109,43148973
7.37,43152040,110,43151613
7.29,43154442,111,43154254
7.92,43156245,111,43154254
5.54,43158046,112,43156863
2.52,43160449,113,43159355
2.06,43162250,114,43161816
2.07,43164052,114,43161816
1.09,43166454,115,43164247
1.08,43168255,116,43166662
1.10,43170057,117,43169052
1.10,43172459,118,43171419
1.09,43174261,119,43173773
1.09,43176063,119,43173773
1.12,43178465,120,43176179
1.08,43180267,121,43178706
1.06,43182068,122,43181356
1.07,43184471,123,43184052
1.08,43186272,123,43184052
1.08,43188074,124,43186761
1.11,43190477,125,43189468
1.04,43192278,126,43192192
1.05,43194680,126,43192192
1.38,43196482,127,43194911
2.39,43198284,128,43197586
2.38,43200686,129,43200164
2.43,43202488,129,43200164
2.43,43204289,130,43202665
2.45,43206691,131,43205141
2.45,43208493,132,43207605
2.45,43210295,133,43210063
2.45,43212697,134,43212526
2.97,43214499,134,43212526
1.20,43216301,135,43215004
1.22,43218703,136,43217521
1.24,43220504,137,43220071
1.22,43222306,137,43220071
1.24,43224708,138,43222664
1.24,43226510,139,43225260
1.24,43228312,140,43227827
1.26,43230714,141,43230353
1.26,43232516,141,43230353
1.30,43234317,142,43232856
1.29,43236720,143,43235330
1.30,43238521,144,43237788
1.03,43240323,145,43240216
2.92,43242725,146,43242598
2.74,43244527,146,43242598
2.19,43246329,147,43244959
1.16,43248731,148,43247333
1.23,43250532,149,43249774
1.28,43252334,150,43252290
1.30,43254736,150,43252290
1.38,43256538,151,43254838
1.39,43258340,152,43257379
1.43,43260742,153,43259896
1.47,43262543,154,43262410
1.54,43264345,154,43262410
1.89,43266748,155,43264925
3.95,43268549,156,43267415
3.12,43270351,157,43269849
4.06,43272753,158,43272222
4.29,43274555,158,43272222
4.25,43276957,160,43276921
4.14,43278759,160,43276921
4.05,43280561,161,43279266
4.00,43282963,162,43281597
4.74,43284765,163,43283934
3.50,43286566,164,43286319
1.41,43288968,165,43288769
2.39,43290770,165,43288769
3.84,43292572,166,43291254
1.79,43294974,167,43293723
3.79,43296776,168,43296147
3.74,43298577,169,43298534
3.72,43300980,170,43300908
3.67,43302781,170,43300908
3.63,43304583,171,43303271
3.61,43306985,172,43305604
3.61,43308787,173,43307929
3.58,43310589,174,43310242
3.58,43312991,175,43312558
3.58,43314793,175,43312558
3.56,43316594,176,43314902
3.58,43318997,177,43317337
3.58,43320799,178,43319878
3.61,43322600,179,43322459
3.58,43325002,179,43322459
3.21,43326804,180,43325053
3.11,43329206,181,43327664
3.22,43331008,182,43330285
3.67,43332810,182,43330285
3.74,43334611,183,43332885
3.77,43337014,184,43335412
3.79,43338815,185,43337861
3.81,43340617,186,43340256
3.83,43343019,187,43342627
3.87,43344821,187,43342627
3.92,43347223,188,43344990
3.96,43349025,189,43347351
3.02,43350826,190,43349726
4.05,43353228,191,43352127
4.09,43355030,192,43354636
4.21,43356833,192,43354636
4.29,43359234,193,43357270
4.34,43361036,194,43359958
4.30,43362838,195,43362622
4.46,43365240,195,43362622
4.32,43367042,196,43365257
4.21,43368844,197,43367845
4.13,43371246,198,43370413
4.92,43373047,199,43372945
3.86,43374849,199,43372945
3.23,43377251,0,43376630
4.70,43379053,1,43377833
4.71,43380854,2,43380211
3.75,43382656,3,43382570
4.42,43384458,3,43382570
3.31,43386260,4,43384945
3.29,43388061,5,43387368
3.40,43390463,6,43389881
3.11,43392265,6,43389881
3.04,43394067,7,43392438
3.04,43395869,8,43395042
4.00,43397672,8,43395042
2.97,43399472,9,43397689
2.90,43401275,10,43400353
2.84,43403075,11,43402986
2.82,43405478,11,43402986
2.82,43407279,12,43405531
2.82,43409081,13,43408013
2.81,43410883,14,43410440
2.77,43413284,15,43412841
2.77,43415087,15,43412841
2.77,43416888,16,43415218
2.77,43418690,17,43417561
2.75,43420492,18,43419884
2.72,43422894,19,43422218
2.70,43424695,20,43424633
2.70,43426497,20,43424633
2.68,43428299,21,43427149
2.64,43430701,22,43429729
2.68,43432502,23,43432328
2.66,43434305,23,43432328
2.66,43436106,24,43434925
2.67,43437909,25,43437519
2.65,43440310,26,43440129
2.68,43442112,26,43440129
2.63,43443914,27,43442715
2.58,43445715,28,43445234
2.58,43448117,29,43447680
2.58,43449919,29,43447680
2.61,43451721,30,43450081
2.63,43453522,31,43452454
2.70,43455325,32,43454818
2.72,43457728,33,43457183
2.75,43459529,33,43457183
2.76,43461330,34,43459576
2.79,43463131,35,43462015
2.81,43465533,36,43464504
2.81,43467335,37,43467049
2.81,43469137,37,43467049
2.86,43470939,38,43469624
2.86,43472740,39,43472189
2.95,43475143,40,43474731
3.00,43476944,40,43474731
2.02,43478746,41,43477231
3.04,43480548,42,43479702
3.17,43482950,43,43482155
3.06,43484751,44,43484591
3.05,43486553,44,43484591
3.99,43488355,45,43486985
2.90,43490757,46,43489343
2.89,43492559,47,43491696
0.79,43494361,48,43494106
0.84,43496162,48,43494106
0.72,43497965,49,43496607
0.73,43500366,50,43499152
0.70,43502168,51,43501694
0.70,43503970,51,43501694
0.71,43505771,52,43504216
0.75,43508174,53,43506748
0.79,43509975,54,43509263
0.47,43511777,55,43511746
1.86,43513579,55,43511746
3.88,43515981,56,43514199
3.81,43517785,57,43516573
3.79,43519585,58,43518909
3.65,43521386,59,43521231
3.61,43523788,60,43523553
3.59,43525590,60,43523553
3.54,43527392,61,43525877
3.52,43529193,62,43528201
3.50,43530995,63,43530567
3.45,43533397,64,43533004
3.43,43535199,64,43533004
3.43,43537001,65,43535513
3.38,43538802,66,43538050
3.38,43540604,67,43540570
3.36,43543006,67,43540570
3.22,43544808,68,43543055
3.00,43546610,69,43545512
3.71,43548412,70,43547927
2.95,43550813,71,43550318
2.95,43552615,71,43550318
2.87,43554417,72,43552693
2.88,43556219,73,43555041
2.01,43558022,74,43557363
3.05,43560423,75,43559684
3.95,43562224,76,43562035
2.41,43564026,76,43562035
2.82,43565828,77,43564468
1.98,43568230,78,43566986
2.02,43570031,79,43569534
3.31,43571833,79,43569534
3.40,43573635,80,43572071
3.43,43575437,81,43574623
3.43,43577841,82,43577178
3.45,43579641,82,43577178
3.45,43581442,83,43579700
3.47,43583244,84,43582158
3.52,43585646,85,43584559
3.54,43587448,86,43586900
3.54,43589249,87,43589228
3.50,43591051,87,43589228
3.54,43592853,88,43591562
3.49,43595255,89,43593874
3.45,43597057,90,43596190
3.59,43598858,91,43598549
3.70,43600660,91,43598549
2.55,43603062,92,43601013
1.55,43604864,93,43603601
1.52,43606666,94,43606276
1.48,43608468,94,43606276
1.37,43610269,95,43608970
1.36,43612671,96,43611606
1.25,43614473,97,43614205
1.24,43616275,97,43614205
1.53,43618077,98,43616796
2.42,43619879,99,43619342
3.33,43622280,100,43621827
3.28,43624082,100,43621827
3.36,43625884,101,43624243
3.41,43628286,102,43626610
4.34,43630088,103,43628942
3.45,43631889,104,43631264
3.62,43634292,105,43633617
3.82,43636093,106,43636033
3.04,43637897,106,43636033
4.49,43640298,107,43638516
4.55,43642099,108,43641019
7.48,43643901,109,43643574
7.41,43646303,110,43646155
7.30,43648105,110,43646155
7.14,43649906,111,43648738
6.54,43652309,112,43651285
2.54,43654110,113,43653760
2.10,43655912,113,43653760
2.10,43658315,114,43656194
1.09,43660116,115,43658607
1.09,43661918,116,43661002
1.10,43664320,117,43663388
1.10,43666122,118,43665751
1.10,43667924,118,43665751
1.12,43670325,119,43668105
1.11,43672127,120,43670509
1.09,43673929,121,43673029
1.06,43676331,122,43675673
1.06,43678134,122,43675673
1.06,43680535,123,43678360
1.04,43682337,124,43681059
1.09,43684139,125,43683756
1.09,43686540,126,43686464
1.03,43688342,126,43686464
1.77,43690144,127,43689162
1.36,43692546,128,43691813
2.38,43694348,128,43691813
2.38,43696150,129,43694368
2.43,43697953,130,43696849
2.43,43700354,131,43699286
2.45,43702155,132,43701720
2.45,43704557,133,43704152
2.43,43706359,133,43704152
2.23,43708161,134,43706594
2.16,43710563,135,43709057
1.19,43712365,136,43711565
1.21,43714166,137,43714133
1.22,43716568,137,43714133
1.24,43718370,138,43716750
1.24,43720172,139,43719375
1.26,43722574,140,43721991
1.26,43724376,140,43721991
1.26,43726178,141,43724548
1.30,43728580,142,43727086
1.29,43730382,143,43729596
1.30,43732183,144,43732085
1.96,43734585,145,43734537
1.92,43736388,145,43734537
2.74,43738190,146,43736930
2.19,43740591,147,43739291
1.16,43742393,148,43741660
1.23,43744194,149,43744090
1.25,43746604,150,43746585
1.31,43748398,150,43746585
1.31,43750200,151,43749108
1.38,43752602,152,43751618
1.41,43754404,153,43754110
1.46,43756206,153,43754110
1.46,43758609,154,43756597
1.75,43760410,155,43759082
3.95,43762212,156,43761539
3.84,43764614,157,43763946
3.10,43766415,158,43766301
4.31,43768217,158,43766301
4.25,43770619,159,43768637
4.16,43772421,160,43770978
4.05,43774223,161,43773314
4.00,43776625,162,43775644
4.96,43778427,163,43777988
3.50,43780228,163,43777988
1.61,43782631,164,43780382
1.46,43784432,165,43782848
3.87,43786234,166,43785347
1.51,43788636,167,43787837
3.80,43790438,168,43790286
3.74,43792239,168,43790286
3.71,43794642,169,43792700
3.67,43796443,170,43795101
3.65,43798246,171,43797489
3.61,43800648,172,43799856
3.61,43802449,173,43802213
3.61,43804251,173,43802213
3.58,43806653,174,43804559
3.58,43808455,175,43806912
3.58,43810256,176,43809286
3.58,43812659,177,43811746
3.58,43814460,178,43814301
3.58,43816262,178,43814301
3.61,43818664,179,43816889
3.16,43820466,180,43819480
3.13,43822267,181,43822079
3.14,43824670,181,43822079
3.67,43826472,182,43824687
3.74,43828273,183,43827240
3.72,43830675,184,43829726
3.79,43832477,185,43832141
3.81,43834279,185,43832141
3.83,43836681,186,43834489
3.87,43838483,187,43836806
3.89,43840285,188,43839104
3.94,43842688,189,43841383
3.01,43844488,190,43843661
4.05,43846290,191,43845970
4.09,43848692,192,43848359
4.18,43850494,192,43848359
4.27,43852296,193,43850857
4.34,43854698,194,43853419
4.30,43856500,195,43855964
4.46,43858902,196,43858486
4.42,43860704,196,43858486
4.27,43862505,197,43861004
4.10,43864907,198,43863510
4.97,43866709,199,43866005
3.87,43868511,200,43868448
3.53,43870913,1,43870847
4.77,43872715,1,43870847
3.60,43874517,2,43873235
3.77,43876319,3,43875605
4.45,43878120,4,43878004
3.36,43879922,4,43878004
3.31,43881723,5,43880464
3.27,43883525,6,43883008
3.13,43885327,6,43883008
3.06,43887729,7,43885630
3.04,43889530,8,43888303
3.02,43891332,9,43891021
3.97,43893134,9,43891021
2.93,43894936,10,43893772
2.88,43896737,11,43896495
2.84,43898540,11,43896495
2.82,43900941,12,43899118
2.82,43902743,13,43901670
2.79,43904545,14,43904161
2.79,43906346,14,43904161
2.77,43908748,15,43906618
2.74,43910550,16,43909048
2.75,43912352,17,43911432
2.72,43914154,18,43913790
2.72,43916556,19,43916154
2.68,43918359,19,43916154
2.68,43920160,20,43918598
2.67,43921961,21,43921140
2.67,43923762,22,43923738
2.68,43926165,22,43923738
2.66,43927967,23,43926352
2.66,43929768,24,43928951
2.64,43931578,25,43931559
2.65,43933972,25,43931559
2.68,43935774,26,43934165
2.63,43937576,27,43936741
2.58,43939377,28,43939251
2.60,43941179,28,43939251
2.58,43943581,29,43941697
2.63,43945383,30,43944102
2.65,43947185,31,43946484
2.70,43948986,32,43948868
2.72,43951388,33,43951263
2.75,43953190,33,43951263
2.77,43954992,34,43953703
2.79,43956794,35,43956211
2.81,43959195,36,43958769
2.81,43960998,36,43958769
2.81,43962799,37,43961399
2.84,43964601,38,43964051
2.88,43966403,38,43964051
2.88,43968805,39,43966698
3.00,43970606,40,43969309
2.02,43972408,41,43971872
3.02,43974210,41,43971872
3.93,43976612,42,43974394
2.11,43978415,43,43976890
3.08,43980216,44,43979357
3.96,43982017,45,43981775
2.93,43984420,46,43984151
2.04,43986221,46,43984151
1.78,43988023,47,43986517
0.75,43989824,48,43988927
0.73,43991626,49,43991424
0.72,43994028,50,43993956
0.69,43995830,50,43993956
0.70,43997632,51,43996482
0.69,43999434,52,43998994
0.71,44001235,52,43998994
0.83,44003637,53,44001504
0.19,44005439,54,44004009
1.84,44007241,55,44006490
3.88,44009042,56,44008947
3.81,44011445,57,44011348
3.79,44013246,57,44011348
3.67,44015048,58,44013725
3.63,44016850,59,44016099
3.59,44018653,60,44018490
3.56,44021054,61,44020887
3.54,44022855,61,44020887
3.52,44024657,62,44023302
3.47,44026459,63,44025772
3.45,44028861,64,44028336
3.45,44030663,64,44028336
3.43,44032464,65,44030970
3.38,44034266,66,44033636
3.38,44036668,67,44036267
3.36,44038472,67,44036267
3.03,44040272,68,44038857
3.96,44042073,69,44041385
2.80,44044475,70,44043858
2.94,44046277,70,44043858
2.90,44048080,71,44046299
2.86,44049881,72,44048706
2.94,44051683,73,44051075
2.99,44054085,74,44053402
2.16,44055886,75,44055714
3.81,44057688,75,44055714
2.89,44059490,76,44058046
1.75,44061892,77,44060440
2.04,44063694,78,44062912
3.13,44065495,79,44065403
3.02,44067297,79,44065403
3.40,44069099,80,44067887
3.43,44071501,81,44070380
3.45,44073302,82,44072886
3.45,44075104,82,44072886
3.45,44076906,83,44075372
3.50,44078708,84,44077806
3.52,44081110,85,44080188
3.55,44082911,86,44082514
3.51,44084713,86,44082514
3.50,44086515,87,44084834
3.56,44088917,88,44087162
3.49,44090719,89,44089475
3.45,44092521,90,44091796
3.54,44094322,91,44094156
3.95,44096124,91,44094156
1.52,44098527,92,44096610
1.52,44100329,93,44099185
1.56,44102129,94,44101841
1.49,44103932,94,44101841
1.42,44106333,95,44104510
1.38,44108136,96,44107116
1.28,44109937,97,44109684
1.21,44111739,97,44109684
1.57,44113541,98,44112222
2.44,44115942,99,44114710
3.36,44117744,100,44117134
3.29,44119546,101,44119485
3.38,44121948,102,44121784
3.46,44123750,102,44121784
4.38,44125551,103,44124051
3.44,44127954,104,44126308
3.58,44129755,105,44128597
3.78,44131557,106,44130949
3.04,44133959,107,44133377
4.26,44135761,107,44133377
4.52,44137563,108,44135833
7.48,44139965,109,44138354
7.39,44141767,110,44140909
7.28,44143568,111,44143474
7.75,44145970,111,44143474
6.54,44147772,112,44146013
2.52,44149574,113,44148476
2.22,44151976,114,44150903
2.08,44153778,115,44153312
1.09,44155580,115,44153312
1.11,44157982,116,44155707
1.10,44159784,117,44158089
1.10,44161585,118,44160440
1.10,44163987,119,44162787
1.09,44165789,120,44165184
1.12,44167591,120,44165184
1.12,44169993,121,44167693
1.05,44171795,122,44170322
1.08,44173596,123,44172983
1.06,44175998,124,44175647
1.04,44177800,124,44175647
1.11,44179602,125,44178308
1.07,44182004,126,44180970
1.03,44183806,127,44183627
1.27,44185608,127,44183627
2.39,44188010,128,44186242
2.40,44189812,129,44188770
2.40,44191613,130,44191229
2.43,44194016,131,44193665
2.43,44195818,131,44193665
2.43,44197619,132,44196101
2.45,44200022,133,44198541
2.45,44201823,134,44200999
2.22,44203624,135,44203487
1.16,44206029,136,44206026
1.21,44207829,136,44206026
1.24,44209630,137,44208629
1.24,44212032,138,44211281
1.22,44213834,138,44211281
1.22,44215636,139,44213944
1.24,44218038,140,44216583
1.26,44219840,141,44219178
1.26,44221642,141,44219178
1.29,44224044,142,44221744
1.30,44225845,143,44224289
1.26,44227647,144,44226809
1.90,44230049,145,44229293
2.92,44231851,146,44231719
2.80,44233653,146,44231719
1.17,44236055,147,44234114
1.22,44237857,148,44236522
1.23,44239658,149,44238991
1.30,44242060,150,44241533
1.33,44243862,150,44241533
1.36,44245664,151,44244098
1.41,44248066,152,44246647
1.43,44249868,153,44249169
1.49,44251670,153,44249169
1.96,44254072,154,44251687
1.00,44255873,155,44254195
4.71,44257675,156,44256679
3.16,44260078,157,44259112
4.02,44261880,158,44261490
4.29,44264282,159,44263850
4.23,44266083,159,44263850
4.09,44267885,160,44266214
4.04,44269686,161,44268585
4.98,44272089,162,44270938
3.59,44273891,163,44273315
2.47,44276293,164,44275746
1.39,44278094,164,44275746
3.95,44279896,165,44278253
2.91,44282298,166,44280797
1.80,44284100,167,44283328
3.78,44285901,168,44285811
3.74,44288304,169,44288247
3.70,44290106,169,44288247
3.67,44291907,170,44290666
3.63,44294309,171,44293063
3.61,44296111,172,44295430
3.63,44297913,173,44297775
3.58,44300315,174,44300098
3.58,44302117,174,44300098
3.58,44303918,175,44302416
3.58,44306321,176,44304758
3.58,44308123,177,44307189
3.58,44309924,178,44309734
3.58,44312328,179,44312326
3.58,44314128,179,44312326
3.11,44315930,180,44314935
3.11,44318333,181,44317570
3.19,44320134,181,44317570
3.67,44321935,182,44320231
3.72,44324338,183,44322871
3.74,44326139,184,44325445
3.80,44327942,185,44327940
3.81,44330343,185,44327940
3.83,44332145,186,44330383
3.87,44333947,187,44332815
3.89,44336349,188,44335246
3.96,44338151,189,44337658
3.00,44339953,189,44337658
4.05,44342354,190,44340081
4.07,44344156,191,44342547
4.18,44345958,192,44345113
4.29,44348360,193,44347790
4.34,44350162,193,44347790
4.30,44351963,194,44350506
4.43,44354366,195,44353182
4.41,44356167,196,44355777
4.29,44357969,196,44355777
4.17,44360372,197,44358340
4.95,44362173,198,44360862
3.87,44363975,199,44363335
3.53,44366377,200,44365746
4.68,44368178,1,44368101
4.59,44369980,1,44368101
3.75,44371782,2,44370422
4.42,44373584,3,44372719
3.36,44375386,4,44375036
3.31,44377787,5,44377406
3.36,44379589,5,44377406
3.13,44381391,6,44379858
3.09,44383193,7,44382380
3.04,44384994,8,44384958
3.02,44386796,8,44384958
4.00,44388598,9,44387590
2.93,44390399,10,44390260
2.90,44392801,10,44390260
2.82,44394603,11,44392928
2.83,44396405,12,44395510
2.87,44398206,13,44398031
2.82,44400009,13,44398031
2.79,44402411,14,44400507
2.77,44404212,15,44402958
2.77,44406014,16,44405382
2.74,44407816,17,44407765
2.75,44410218,18,44410122
2.74,44412020,18,44410122
2.70,44413821,19,44412483
2.68,44415623,20,44414913
2.68,44417425,20,44414913
2.69,44419827,21,44417442
2.66,44421629,22,44420004
2.66,44423430,23,44422575
2.66,44425232,24,44425134
2.64,44427634,24,44425134
2.64,44429436,25,44427694
2.68,44431238,26,44430246
2.63,44433040,27,44432775
2.66,44434841,27,44432775
2.60,44437243,28,44435236
2.59,44439046,29,44437640
2.61,44440847,30,44440003
2.61,44442649,31,44442347
2.65,44445051,32,44444692
2.68,44446852,32,44444692
2.72,44448655,33,44447050
2.75,44450456,34,44449438
2.79,44452858,35,44451876
2.81,44454659,36,44454368
2.82,44456461,36,44454368
2.81,44458263,37,44456916
2.84,44460065,38,44459487
2.86,44462467,39,44462051
2.88,44464268,39,44462051
3.00,44466070,40,44464582
2.02,44467872,41,44467073
3.04,44470274,42,44469529
3.79,44472076,43,44471957
2.11,44473878,43,44471957
3.11,44475679,44,44474360
3.00,44477481,45,44476705
3.95,44479883,46,44479013
2.71,44481684,47,44481305
1.86,44483487,47,44481305
0.80,44485289,48,44483638
0.71,44487690,49,44486048
0.73,44489492,50,44488496
0.68,44491294,51,44490947
0.71,44493095,51,44490947
0.68,44495497,52,44493392
0.70,44497299,53,44495850
0.79,44499102,54,44498314
0.89,44500903,55,44500769
0.79,44502704,55,44500769
3.91,44505107,56,44503204
3.81,44506908,57,44505601
3.79,44508710,58,44507974
3.72,44510512,59,44510357
3.63,44512914,60,44512758
3.59,44514716,60,44512758
3.56,44516517,61,44515172
3.50,44518319,62,44517600
3.52,44520721,63,44520083
3.47,44522523,63,44520083
3.45,44524325,64,44522655
3.43,44526127,65,44525294
3.43,44527928,65,44525294
3.38,44530330,66,44527958
3.38,44532132,67,44530583
3.36,44533934,68,44533151
3.99,44535735,69,44535653
2.91,44538137,70,44538097
2.91,44539939,70,44538097
2.95,44541741,71,44540505
2.87,44543543,72,44542871
2.82,44545945,73,44545199
2.99,44547746,74,44547488
2.01,44549548,74,44547488
3.95,44551350,75,44549770
2.43,44553152,76,44552077
2.84,44555554,77,44554450
1.96,44557356,78,44556904
2.01,44559158,78,44556904
3.22,44560960,79,44559381
3.38,44563361,80,44561861
3.43,44565163,81,44564352
3.43,44566964,82,44566855
3.45,44568767,82,44566855
3.45,44570568,83,44569339
3.50,44572970,84,44571761
3.52,44574772,85,44574134
3.52,44576573,86,44576451
3.56,44578376,86,44576451
3.50,44580778,87,44578760
3.54,44582580,88,44581069
3.56,44584381,89,44583359
3.45,44586183,90,44585658
3.43,44587984,90,44585658
3.10,44590387,91,44588002
3.59,44592189,92,44590428
1.55,44593990,93,44592981
1.55,44595792,94,44595614
1.54,44598194,94,44595614
1.40,44599996,95,44598260
1.38,44601797,96,44600851
1.31,44603599,97,44603403
1.25,44606001,98,44605936
1.64,44607803,98,44605936
1.43,44609605,99,44608431
3.38,44611406,100,44610866
3.31,44613808,101,44613234
3.36,44615610,102,44615559
3.13,44617412,102,44615559
4.45,44619814,103,44617855
3.45,44621616,104,44620152
3.56,44623417,105,44622480
3.80,44625819,106,44624880
3.02,44627621,107,44627350
4.18,44629423,107,44627350
4.55,44631825,108,44629867
7.46,44633627,109,44632445
7.39,44635429,110,44635034
7.29,44637831,111,44637638
7.05,44639633,111,44637638
7.54,44641435,112,44640210
2.52,44643837,113,44642695
2.27,44645639,114,44645140
2.04,44647440,114,44645140
1.07,44649842,115,44647559
1.09,44651644,116,44649954
1.08,44653446,117,44652326
1.12,44655848,118,44654665
1.10,44657650,119,44656986
1.10,44659451,120,44659345
1.10,44661853,121,44661800
1.07,44663655,121,44661800
1.08,44665457,122,44664361
1.08,44667859,123,44666974
1.08,44669660,124,44669589
1.06,44672063,124,44669589
1.13,44673865,125,44672206
1.09,44675667,126,44674847
1.07,44678068,127,44677491
1.09,44679870,127,44677491
2.39,44681672,128,44680112
2.39,44684074,129,44682652
2.40,44685876,130,44685123
2.43,44687677,131,44687576
2.43,44690080,132,44690031
2.43,44691882,132,44690031
2.43,44693683,133,44692502
2.45,44696085,134,44694980
2.05,44697887,135,44697491
2.20,44699689,135,44697491
1.21,44702091,136,44700051
1.24,44703893,137,44702675
1.24,44705694,138,44705346
1.24,44708097,139,44708020
1.24,44709898,139,44708020
1.24,44711700,140,44710663
1.24,44714102,141,44713251
1.26,44715904,142,44715801
1.30,44717706,142,44715801
1.29,44720108,143,44718325
1.22,44721910,144,44720804
1.90,44723711,145,44723241
2.92,44726113,146,44725626
2.62,44727915,146,44725626
2.13,44729717,147,44727982
1.25,44732119,148,44730343
1.25,44733921,149,44732763
1.29,44735723,150,44735247
1.36,44738125,151,44737760
1.41,44739927,151,44737760
1.45,44741728,152,44740264
1.47,44744130,153,44742743
1.46,44745932,154,44745220
1.98,44747733,155,44747693
2.98,44750136,155,44747693
3.72,44751938,156,44750153
3.02,44753740,157,44752557
4.98,44756141,158,44754902
3.29,44757943,159,44757241
4.16,44759745,160,44759585
4.09,44762147,161,44761933
4.05,44763949,161,44761933
4.98,44765751,162,44764278
3.12,44768153,163,44766636
3.45,44769955,164,44769048
1.57,44771756,165,44771529
3.32,44774158,166,44774042
3.82,44775960,166,44774042
1.80,44777762,167,44776542
3.78,44780164,168,44778986
3.74,44781966,169,44781388
3.72,44783768,169,44781388
3.67,44786169,171,44786137
3.65,44787971,171,44786137
3.63,44789773,172,44788479
3.58,44792175,173,44790804
3.58,44793977,174,44793118
3.61,44795779,175,44795437
3.58,44797581,175,44795437
3.56,44799983,176,44797786
3.58,44801784,177,44800237
3.61,44804186,178,44802807
3.58,44805989,179,44805428
3.58,44807790,179,44805428
3.11,44810192,180,44808066
3.11,44811994,181,44810739
3.63,44813796,182,44813430
3.70,44816198,183,44816103
3.72,44818000,183,44816103
3.79,44819802,184,44818699
3.80,44822203,185,44821203
3.81,44824005,186,44823657
3.86,44825807,186,44823657
3.87,44828209,187,44826098
3.92,44830011,188,44828529
3.98,44831813,189,44830939
3.02,44834214,190,44833347
4.05,44836016,191,44835786
4.09,44837818,191,44835786
4.20,44840220,192,44838315
4.29,44842022,193,44840945
4.35,44843824,194,44843617
4.33,44846226,194,44843617
4.48,44848028,195,44846251
4.28,44849829,196,44848831
4.21,44852232,197,44851384
4.09,44854033,198,44853912
4.90,44855835,198,44853912
3.85,44858237,199,44856410
3.30,44860039,200,44858858
4.68,44861841,1,44861258
4.59,44863642,2,44863607
3.83,44866045,3,44865956
4.40,44867846,3,44865956
3.33,44869648,4,44868329
3.31,44871450,5,44870759
3.31,44873251,5,44870759
3.13,44875053,6,44873281
3.06,44876855,7,44875878
3.04,44878656,8,44878525
4.00,44880458,8,44878525
2.97,44882860,9,44881220
2.93,44884662,10,44883947
2.88,44886464,10,44883947
2.84,44888266,11,44886645
2.82,44890067,12,44889243
2.82,44892469,13,44891768
2.82,44894271,14,44894234
2.79,44896073,14,44894234
2.77,44897874,15,44896660
2.76,44900276,16,44899053
2.74,44902078,17,44901396
2.74,44903880,18,44903712
2.70,44905682,18,44903712
2.68,44907483,19,44906030
2.67,44909886,20,44908420
2.68,44911687,21,44910898
2.67,44913489,22,44913427
2.69,44915291,22,44913427
2.66,44917693,23,44915971
2.66,44919495,24,44918506
2.67,44921297,25,44921054
2.67,44923098,25,44921054
2.65,44925500,26,44923603
2.64,44927302,27,44926133
2.58,44929104,28,44928601
2.58,44930905,28,44928601
2.58,44932707,29,44931006
2.61,44935109,30,44933381
2.61,44936911,31,44935733
2.65,44938713,32,44938086
2.72,44940514,33,44940453
2.72,44942917,34,44942858
2.75,44944718,34,44942858
2.79,44946521,35,44945339
2.81,44948322,36,44947846
2.82,44950123,36,44947846
2.81,44952525,37,44950421
2.84,44954327,38,44953016
2.86,44956129,39,44955591
2.88,44957931,39,44955591
2.95,44960333,40,44958123
2.02,44962135,41,44960613
3.04,44963936,42,44963056
3.84,44965738,43,44965471
2.10,44967540,43,44965471
3.08,44969942,44,44967862
3.99,44971743,45,44970210
2.93,44973545,46,44972521
2.66,44975347,47,44974826
1.79,44977749,48,44977185
0.81,44979551,48,44977185
0.72,44981353,49,44979634
0.70,44983154,50,44982126
0.70,44984956,51,44984626
0.69,44987358,52,44987119
0.71,44989160,52,44987119
0.73,44990961,53,44989630
0.81,44992763,54,44992142
0.59,44994565,54,44992142
1.86,44996967,55,44994640
3.88,44998769,56,44997113
3.81,45000570,57,44999535
3.79,45002372,58,45001932
3.65,45004774,59,45004331
3.61,45006576,59,45004331
3.56,45008378,60,45006745
3.56,45010179,61,45009161
3.52,45012582,62,45011585
3.50,45014383,63,45014056
3.47,45016185,63,45014056
3.45,45017986,64,45016600
3.43,45019789,65,45019206
3.40,45022191,66,45021824
3.38,45023992,66,45021824
3.38,45025794,67,45024408
3.36,45027596,68,45026939
4.00,45029998,69,45029415
2.67,45031800,69,45029415
2.90,45033601,70,45031832
2.93,45035403,71,45034226
2.85,45037805,72,45036593
2.88,45039607,73,45038933
2.03,45041408,74,45041241
3.02,45043210,74,45041241
3.94,45045012,75,45043545
2.50,45047414,76,45045879
2.40,45049216,77,45048293
2.96,45051017,78,45050795
2.01,45052820,78,45050795
3.29,45055221,79,45053331
3.43,45057023,80,45055861
3.40,45058825,81,45058409
3.43,45060627,81,45058409
3.45,45062428,82,45060971
3.45,45064831,83,45063511
3.47,45066632,84,45065985
3.52,45068434,85,45068404
3.52,45070236,85,45068404
3.55,45072638,86,45070757
3.52,45074440,87,45073093
3.54,45076241,88,45075423
3.56,45078043,89,45077731
3.47,45079845,89,45077731
3.51,45082247,90,45080040
3.29,45084049,91,45082382
3.59,45085850,92,45084813
1.55,45087652,93,45087368
1.52,45090054,94,45090000
1.49,45091856,94,45090000
1.43,45093658,95,45092653
1.34,45095459,96,45095258
1.31,45097862,97,45097831
1.25,45099663,97,45097831
1.57,45101465,98,45100390
1.43,45103267,99,45102918
3.38,45105069,99,45102918
3.29,45107470,100,45105386
3.36,45109272,101,45107798
3.77,45111075,102,45110163
3.59,45113476,103,45112499
3.39,69460334,106,69459237
2.38,69462136,107,69461713
2.43,69463937,107,69461713
2.40,69466339,108,69464228
2.43,69468141,109,69466796
2.43,69469943,110,69469400
2.43,69472345,111,69472013
2.43,69474147,111,69472013
2.43,69475948,112,69474585
2.43,69477750,113,69477074
2.43,69480152,114,69479514
2.43,69481954,115,69481919
2.43,69483756,115,69481919
2.43,69486158,116,69484304
2.43,69487960,117,69486670
2.36,69489761,118,69489002
2.20,69491563,119,69491319
2.92,69493965,120,69493680
1.21,69495767,120,69493680
1.14,69497569,121,69496145
1.18,69499971,122,69498709
1.19,69501773,123,69501320
1.16,69503575,123,69501320
1.21,69505977,124,69503947
1.21,69507778,125,69506573
1.21,69509580,126,69509222
1.19,69511382,126,69509222
1.17,69513784,127,69511875
1.20,69515586,128,69514495
1.21,69517387,129,69517032
1.19,69519790,130,69519498
1.20,69521591,130,69519498
1.24,69523393,131,69521931
1.23,69525795,132,69524352
1.27,69527597,133,69526776
1.30,69529399,134,69529221
1.30,69531200,134,69529221
1.27,69533602,135,69531692
1.28,69535404,136,69534220
1.28,69537206,137,69536789
1.23,69539608,138,69539409
1.21,69541410,138,69539409
1.26,69543211,139,69542033
1.23,69545614,140,69544636
1.21,69547415,141,69547196
1.23,69549217,141,69547196
1.28,69551019,142,69549727
1.27,69553421,143,69552237
1.27,69555223,144,69554728
1.34,69557024,144,69554728
2.90,69559427,145,69557190
2.56,69561228,146,69559598
2.11,69563030,147,69561980
1.12,69565433,148,69564372
1.19,69567234,149,69566827
1.17,69569036,149,69566827
1.22,69570837,150,69569347
1.29,69573240,151,69571884
1.34,69575041,152,69574418
1.40,69576843,152,69574418
1.37,69579245,153,69576942
1.39,69581047,154,69579455
1.88,69582849,155,69581955
3.66,69585251,156,69584426
3.68,69587052,157,69586843
3.89,69588854,157,69586843
3.25,69591256,158,69589205
4.18,69593058,159,69591550
4.07,69594860,160,69593897
4.02,69597262,161,69596246
4.98,69599064,162,69598590
3.87,69600865,162,69598590
3.42,69602667,163,69600950
1.43,69605069,164,69603367
1.82,69606871,165,69605857
1.74,69608673,166,69608378
1.25,69611075,167,69610888
3.77,69612877,167,69610888
3.70,69614678,168,69613360
3.67,69617081,169,69615792
3.61,69618882,170,69618193
3.61,69620684,171,69620575
3.58,69622486,171,69620575
3.58,69624888,172,69622930
3.58,69626690,173,69625261
3.56,69628491,174,69627569
3.56,69630894,175,69629873
3.56,69632695,176,69632202
3.56,69634497,176,69632202
3.56,69636900,177,69634623
3.56,69638701,178,69637143
3.58,69640503,179,69639710
3.47,69642316,180,69642298
3.10,69644706,180,69642298
3.10,69646508,181,69644922
3.61,69648310,182,69647565
3.65,69650712,183,69650187
3.70,69652514,183,69650187
3.77,69654316,184,69652738
3.79,69656718,185,69655215
3.81,69658519,186,69657634
3.85,69660321,187,69660032
3.86,69662123,187,69660032
3.92,69664525,188,69662421
3.96,69666327,189,69664804
3.03,69668128,190,69667193
4.05,69670531,191,69669622
4.07,69672332,192,69672149
4.21,69674134,192,69672149
4.29,69676537,193,69674784
4.32,69678338,194,69677477
4.33,69680140,194,69677477
4.46,69681941,195,69680159
4.27,69684344,196,69682801
4.12,69686145,197,69685408
4.96,69687947,197,69685408
3.88,69690349,198,69687978
3.83,69692151,199,69690515
3.67,69693953,200,69692995
3.57,69696355,1,69695415
3.51,69698157,2,69697804
3.43,69699958,2,69697804
3.38,69701760,3,69700179
3.31,69703562,4,69702574
3.25,69705364,5,69705028
3.29,69707165,5,69705028
3.09,69708967,6,69707563
3.04,69710768,7,69710167
3.02,69712570,7,69710167
4.00,69714372,8,69712831
2.93,69716173,9,69715553
2.90,69718576,10,69718295
2.85,69720377,10,69718295
2.80,69722179,11,69721011
2.79,69723981,12,69723635
2.77,69725782,12,69723635
2.77,69728185,13,69726179
2.75,69729986,14,69728659
2.74,69731788,15,69731108
2.71,69733590,16,69733528
2.73,69735391,16,69733528
2.68,69737794,17,69735907
2.68,69739595,18,69738258
2.66,69741397,19,69740618
2.64,69743199,20,69743057
2.59,69745000,20,69743057
2.67,69747403,21,69745593
2.65,69749204,22,69748185
2.64,69751006,23,69750794
2.65,69752808,23,69750794
2.63,69754609,24,69753403
2.61,69756411,25,69756013
2.59,69758813,26,69758615
2.61,69760615,26,69758615
2.57,69762417,27,69761192
2.61,69764218,28,69763712
2.57,69766020,28,69763712
2.61,69768422,29,69766142
2.61,69770224,30,69768539
2.65,69772026,31,69770925
2.64,69773827,32,69773300
2.66,69775629,32,69773300
2.72,69777431,33,69775692
2.75,69779833,34,69778115
2.79,69781635,35,69780585
2.82,69783436,36,69783103
2.81,69785238,36,69783103
2.81,69787040,37,69785673
2.84,69788841,38,69788269
2.86,69791244,39,69790855
2.90,69793046,39,69790855
2.97,69794847,40,69793402
3.00,69796649,41,69795902
2.06,69798450,42,69798368
3.15,69800853,43,69800814
3.96,69802654,43,69800814
3.93,69804456,44,69803240
3.18,69806258,45,69805626
5.84,69808060,46,69807976
3.72,69810462,47,69810321
3.27,69812263,47,69810321
2.76,69814065,48,69812725
0.74,69815867,49,69815216
0.70,69817668,49,69815216
0.72,69820071,50,69817763
0.69,69821872,51,69820314
0.66,69823674,52,69822857
0.67,69825476,53,69825397
0.64,69827277,53,69825397
0.65,69829680,54,69827939
0.66,69831481,55,69830460
0.66,69833283,56,69832943
0.56,69835085,56,69832943
1.72,69836887,57,69835368
3.65,69838688,58,69837769
3.59,69841090,59,69840168
3.56,69842892,60,69842579
3.54,69844694,60,69842579
3.50,69846495,61,69844996
3.47,69848297,62,69847426
3.45,69850099,63,69849908
3.45,69852501,64,69852466
3.43,69854303,64,69852466
3.38,69856105,65,69855093
3.36,69857906,66,69857752
3.36,69859708,66,69857752
3.34,69861510,67,69860379
4.00,69863912,68,69862933
2.91,69865713,69,69865427
2.78,69867515,69,69865427
2.88,69869317,70,69867872
2.86,69871119,71,69870275
2.83,69873521,72,69872644
2.95,69875322,73,69874972
2.96,69877124,73,69874972
2.09,69878926,74,69877267
3.64,69880728,75,69879552
2.50,69883130,76,69881864
1.68,69884932,77,69884248
2.95,69886733,78,69886708
2.97,69888535,78,69886708
2.23,69890337,79,69889199
3.38,69892138,80,69891700
3.40,69894540,81,69894201
3.40,69896342,81,69894201
3.43,69898144,82,69896712
3.45,69899946,83,69899210
3.47,69901747,84,69901643
3.48,69904149,85,69904017
3.52,69905951,85,69904017
3.52,69907753,86,69906339
3.45,69909555,87,69908650
3.50,69911356,88,69910962
3.54,69913759,89,69913264
3.45,69915560,89,69913264
3.43,69917362,90,69915577
3.96,69919164,91,69917907
2.50,69920965,92,69920334
1.62,69922767,92,69920334
2.02,69925169,93,69922868
3.22,69926971,94,69925474
3.43,69928773,95,69928098
3.13,69930574,95,69928098
3.58,69932376,96,69930686
2.18,69934778,97,69933242
1.39,69936580,98,69935774
1.45,69938382,99,69938265
3.36,69940183,99,69938265
3.27,69941985,100,69940701
3.33,69944387,101,69943073
3.40,69946189,102,69945396
3.49,69947991,103,69947689
3.55,69949792,103,69947689
3.69,69952194,104,69949984
3.84,69953996,105,69952315
3.98,69955798,106,69954719
3.06,69958200,107,69957198
4.53,69960002,108,69959726
7.47,69961803,108,69959726
7.44,69964206,109,69962312
7.29,69966007,110,69964938
7.20,69967809,111,69967578
7.78,69969611,111,69967578
2.50,69972013,112,69970179
2.50,69973815,113,69972697
2.47,69975616,114,69975167
2.45,69978019,115,69977603
2.09,69979820,115,69977603
2.09,69981622,116,69980020
1.08,69984025,117,69982421
1.65,69985826,118,69984789
1.54,69987628,119,69987141
1.54,69990030,120,69989538
1.54,69991832,120,69989538
1.57,69993633,121,69992038
1.57,69995435,122,69994629
1.52,69997837,123,69997260
1.41,69999639,123,69997260
1.41,70001441,124,69999896
1.39,70003843,125,70002530
1.17,70005645,126,70005170
1.05,70007446,126,70005170
1.04,70009849,127,70007803
1.20,70011650,128,70010396
1.36,70013452,129,70012908
2.40,70015254,129,70012908
2.38,70017656,130,70015352
2.40,70019457,131,70017753
2.43,70021259,132,70020154
2.43,70023661,133,70022544
2.43,70025463,134,70024964
2.19,70027265,134,70024964
1.16,70029667,135,70027412
1.22,70031469,136,70029910
1.17,70033270,137,70032468
1.21,70035673,138,70035071
1.29,70037474,138,70035071
1.31,70039276,139,70037684
1.23,70041078,140,70040279
1.24,70043480,141,70042833
1.25,70045282,141,70042833
1.26,70047083,142,70045361
1.31,70049486,143,70047864
1.24,70051287,144,70050354
1.67,70053089,145,70052811
2.90,70055491,146,70055216
2.70,70057293,146,70055216
2.14,70059095,147,70057596
1.10,70060896,148,70059994
1.14,70063299,149,70062464
1.20,70065100,150,70065003
1.29,70066902,150,70065003
1.30,70069304,151,70067566
1.34,70071106,152,70070128
1.36,70072908,153,70072680
1.41,70075310,154,70075223
1.41,70077111,154,70075223
1.90,70078913,155,70077750
3.66,70081315,156,70080244
3.73,70083117,157,70082681
3.91,70084919,157,70082681
3.25,70086720,158,70085061
4.14,70089123,159,70087420
4.07,70090924,160,70089781
4.02,70092726,161,70092143
4.98,70095128,162,70094489
3.67,70096930,163,70096851
3.40,70098732,163,70096851
1.49,70101134,164,70099262
1.89,70102936,165,70101752
1.76,70104737,166,70104245
1.77,70106539,166,70104245
3.77,70108941,167,70106736
3.72,70110743,168,70109194
3.65,70112545,169,70111615
3.63,70114947,170,70114011
3.61,70116749,171,70116395
3.61,70118550,171,70116395
3.56,70120953,172,70118760
3.56,70122754,173,70121111
3.56,70124556,174,70123452
3.56,70126358,175,70125788
3.56,70128760,176,70128157
3.56,70130562,176,70128157
3.56,70132363,177,70130617
3.56,70134765,178,70133172
3.58,70136567,179,70135764
3.33,70138369,179,70135764
3.09,70140771,180,70138386
3.11,70142573,181,70141010
3.63,70144374,182,70143656
3.63,70146176,182,70143656
3.67,70148578,183,70146273
3.74,70150380,184,70148814
3.77,70152182,185,70151283
3.83,70154584,186,70153693
3.81,70156386,187,70156085
3.88,70158187,187,70156085
3.89,70160590,188,70158472
3.99,70162391,189,70160855
3.03,70164193,190,70163248
4.05,70165995,191,70165687
4.09,70168397,192,70168228
4.21,70170199,192,70168228
4.30,70172000,193,70170882
4.29,70174403,194,70173595
4.36,70176204,194,70173595
4.44,70178006,195,70176298
4.26,70180408,196,70178947
4.12,70182210,197,70181563
4.97,70184012,197,70181563
3.88,70185814,198,70184135
3.80,70188216,199,70186667
3.65,70190017,200,70189137
3.56,70191819,1,70191544
3.52,70193621,1,70191544
3.43,70196023,2,70193914
3.40,70197825,3,70196265
3.31,70199626,4,70198635
3.25,70201428,5,70201062
3.28,70203230,5,70201062
3.09,70205031,6,70203571
3.04,70206833,7,70206149
3.02,70208635,7,70206149
4.00,70210436,8,70208784
2.95,70212238,9,70211477
2.88,70214040,9,70211477
2.85,70215841,10,70214199
2.80,70218244,11,70216890
2.77,70220045,12,70219489
2.79,70221847,12,70219489
2.77,70223649,13,70222014
2.75,70225450,14,70224474
2.75,70227853,15,70226903
2.73,70229654,16,70229303
2.71,70231456,16,70229303
2.72,70233258,17,70231661
2.70,70235059,18,70233991
2.68,70237462,19,70236327
2.64,70239263,20,70238738
2.61,70241065,20,70238738
2.65,70242867,21,70241237
2.65,70244668,22,70243789
2.65,70246470,23,70246356
2.63,70248872,23,70246356
2.61,70250674,24,70248925
2.66,70252476,25,70251493
2.61,70254277,26,70254054
2.59,70256079,26,70254054
2.55,70258481,27,70256595
2.58,70260283,28,70259075
2.54,70262085,29,70261483
2.59,70263886,30,70263850
2.61,70265688,30,70263850
2.61,70268090,31,70266201
2.68,70269892,32,70268551
2.68,70271694,33,70270912
2.73,70273495,34,70273305
2.72,70275297,34,70273305
2.79,70277699,35,70275747
2.82,70279501,36,70278241
2.79,70281303,37,70280796
2.81,70283104,37,70280796
2.84,70284906,38,70283367
2.84,70287308,39,70285939
2.93,70289110,40,70288475
2.97,70290912,40,70288475
2.02,70292713,41,70290967
3.04,70294515,42,70293427
3.13,70296317,43,70295866
3.41,70298719,44,70298282
3.43,70300521,44,70298282
3.19,70302322,45,70300654
5.02,70304124,46,70302991
4.88,70305926,47,70305320
3.36,70308328,48,70307702
2.86,70310130,48,70307702
0.76,70311931,49,70310165
0.70,70313733,50,70312676
0.68,70315535,51,70315198
0.71,70317336,51,70315198
0.64,70319739,52,70317711
0.64,70321540,53,70320222
0.63,70323342,54,70322736
0.65,70325144,54,70322736
0.68,70326945,55,70325240
0.73,70329348,56,70327693
0.21,70331149,57,70330102
3.70,70332951,58,70332489
3.59,70334753,58,70332489
3.56,70336554,59,70334875
3.56,70338356,60,70337277
3.52,70340758,61,70339686
3.47,70342560,62,70342110
3.47,70344362,62,70342110
3.45,70346163,63,70344584
3.43,70347965,64,70347131
3.40,70350367,65,70349747
3.38,70352169,65,70349747
3.36,70353971,66,70352399
3.34,70355772,67,70355025
3.03,70357574,67,70355025
3.96,70359976,68,70357591
2.49,70361778,69,70360093
2.91,70363580,70,70362554
2.88,70365381,71,70364977
2.85,70367183,71,70364977
2.87,70369585,72,70367366
2.99,70371387,73,70369720
3.00,70373189,74,70372040
2.91,70374990,75,70374352
2.40,70376792,76,70376698
2.44,70379194,77,70379120
1.95,70380996,77,70379120
2.95,70382798,78,70381625
2.22,70384599,79,70384161
3.36,70386401,79,70384161
3.38,70388803,80,70386708
3.38,70390605,81,70389257
3.43,70392407,82,70391823
3.43,70394208,82,70391823
3.45,70396010,83,70394356
3.45,70397812,84,70396826
3.50,70400214,85,70399227
3.54,70402016,86,70401572
3.47,70403817,86,70401572
3.52,70405619,87,70403898
3.54,70407421,88,70406219
3.45,70409823,89,70408528
3.43,70411625,90,70410840
3.39,70413426,91,70413187
3.52,70415228,91,70413187
1.55,70417030,92,70415632
1.92,70419432,93,70418195
2.20,70421234,94,70420837
3.45,70423036,94,70420837
3.19,70424837,95,70423497
3.88,70426639,96,70426113
2.23,70429041,97,70428698
1.21,70430843,97,70428698
1.45,70432644,98,70431259
3.36,70434446,99,70433776
3.31,70436257,100,70436239
3.28,70438652,101,70438633
3.36,70440452,101,70438633
3.45,70442253,102,70440978
3.55,70444055,103,70443295
3.61,70446457,104,70445614
3.78,70448259,105,70447970
3.88,70450061,105,70447970
3.04,70452463,106,70450402
4.21,70454265,107,70452910
4.52,70456066,108,70455465
7.45,70458469,109,70458079
7.35,70460270,109,70458079
7.27,70462072,110,70460732
7.20,70463877,111,70463395
6.52,70466276,112,70466013
2.47,70468078,112,70466013
2.50,70469879,113,70468545
2.45,70472282,114,70471027
2.43,70474083,115,70473474
2.18,70475885,115,70473474
1.09,70478288,116,70475902
1.55,70480089,117,70478310
1.56,70481891,118,70480683
1.54,70483692,119,70483041
1.56,70486095,120,70485448
1.50,70487896,120,70485448
1.61,70489698,121,70487973
1.57,70492100,122,70490603
1.54,70493902,123,70493286
1.43,70495704,123,70493286
1.41,70498106,124,70495983
1.30,70499907,125,70498674
1.12,70501709,126,70501385
1.08,70503511,126,70501385
1.05,70505913,127,70504097
1.34,70507715,128,70506766
2.36,70509516,129,70509344
2.36,70511919,130,70511843
2.40,70513720,130,70511843
2.43,70515522,131,70514305
2.40,70517924,132,70516755
2.43,70519726,133,70519207
2.31,70521528,133,70519207
2.14,70523930,134,70521679
1.13,70525732,135,70524181
1.17,70527533,136,70526734
1.20,70529335,136,70526734
1.24,70531737,137,70529352
1.30,70533539,138,70532005
1.30,70535341,139,70534665
1.23,70537743,140,70537303
1.23,70539545,140,70537303
1.27,70541346,141,70539892
1.30,70543749,142,70542445
1.29,70545550,143,70544971
1.24,70547352,143,70544971
1.83,70549754,144,70547477
2.92,70551556,145,70549948
2.50,70553357,146,70552365
2.11,70555159,147,70554755
1.12,70557561,148,70557160
1.21,70559363,148,70557160
1.20,70561165,149,70559636
1.29,70563567,150,70562180
1.32,70565369,151,70564743
1.34,70567170,151,70564743
1.38,70569573,152,70567303
1.39,70571374,153,70569851
1.46,70573176,154,70572389
1.86,70575578,155,70574911
3.71,70577380,155,70574911
3.75,70579182,156,70577401
3.94,70580983,157,70579833
3.27,70583386,158,70582207
4.18,70585187,159,70584560
4.07,70586989,160,70586913
4.05,70589391,161,70589264
4.01,70591193,161,70589264
4.74,70592995,162,70591606
3.63,70595397,163,70593960
1.40,70597199,164,70596364
1.87,70599000,165,70598836
1.71,70601402,166,70601335
1.89,70603204,166,70601335
1.74,70605006,167,70603822
3.72,70607408,168,70606275
3.70,70609210,169,70608692
3.63,70611012,169,70608692
3.58,70612813,170,70611084
3.61,70615215,171,70613462
3.58,70617017,172,70615834
3.58,70618819,173,70618153
3.58,70621221,174,70620468
3.59,70623023,175,70622779
3.56,70624824,175,70622779
3.56,70627227,176,70625110
3.56,70629028,177,70627521
3.56,70630830,178,70630014
3.56,70632632,179,70632542
3.56,70635034,179,70632542
3.07,70636836,180,70635091
3.08,70638637,181,70637669
3.58,70641040,182,70640259
3.61,70642849,183,70642830
3.67,70644643,183,70642830
3.74,70647046,184,70645344
3.77,70648847,185,70647781
3.81,70650649,186,70650172
3.81,70652450,186,70650172
3.85,70654853,187,70652548
3.92,70656654,188,70654921
3.92,70658456,189,70657296
3.01,70660858,190,70659683
4.03,70662660,191,70662115
4.07,70664462,191,70662115
4.17,70666864,192,70664652
4.27,70668665,193,70667305
4.34,70670467,194,70670020
4.30,70672269,194,70670020
4.45,70674671,195,70672725
4.27,70676473,196,70675390
4.16,70678274,197,70678020
4.05,70680677,198,70680609
4.92,70682478,198,70680609
3.81,70684280,199,70683162
3.72,70686682,200,70685655
3.59,70688484,1,70688087
3.52,70690286,1,70688087
3.43,70692087,2,70690485
3.42,70693889,3,70692867
3.31,70695691,4,70695269
3.27,70697492,4,70695269
3.37,70699294,5,70697737
3.09,70701096,6,70700298
3.06,70702898,6,70700298
3.02,70704699,7,70702939
4.00,70707101,8,70705645
2.93,70708903,9,70708411
2.89,70710705,9,70708411
2.86,70712507,10,70711208
2.81,70714308,11,70713963
2.79,70716110,11,70713963
2.79,70717912,12,70716615
2.77,70720314,13,70719177
2.77,70722116,14,70721668
2.74,70723917,14,70721668
2.74,70725719,15,70724120
2.72,70727521,16,70726537
2.73,70729923,17,70728906
2.70,70731725,18,70731245
2.63,70733526,18,70731245
2.66,70735328,19,70733588
2.63,70737130,20,70736003
2.68,70739532,21,70738506
2.65,70741334,22,70741059
2.62,70743135,22,70741059
2.65,70744937,23,70743626
2.61,70746739,24,70746194
2.66,70748540,24,70746194
2.59,70750943,25,70748760
2.61,70752744,26,70751319
2.59,70754546,27,70753859
2.56,70756354,28,70756336
2.57,70758149,28,70756336
2.57,70760552,29,70758742
2.61,70762353,30,70761106
2.61,70764155,31,70763454
2.63,70765957,32,70765802
2.68,70767758,32,70765802
2.73,70770161,33,70768165
2.74,70771962,34,70770568
2.77,70773764,35,70773033
2.81,70775574,36,70775555
2.79,70777367,36,70775555
2.81,70779169,37,70778141
2.84,70781571,38,70780760
2.84,70783375,39,70783372
2.88,70785175,39,70783372
2.95,70786976,40,70785944
3.00,70788778,41,70788464
2.02,70791180,42,70790948
3.06,70792982,42,70790948
3.28,70794784,43,70793408
4.08,70796585,44,70795838
5.66,70798387,45,70798222
3.90,70800189,45,70798222
4.89,70802591,46,70800567
3.01,70804393,47,70802902
3.35,70806194,48,70805286
1.80,70807996,49,70807748
0.73,70809798,49,70807748
0.70,70812200,50,70810256
0.70,70814002,51,70812775
0.67,70815803,52,70815274
0.65,70817605,52,70815274
0.64,70819407,53,70817768
0.67,70821809,54,70820262
0.68,70823611,55,70822736
0.68,70825412,56,70825175
0.22,70827214,56,70825175
1.65,70829016,57,70827559
3.63,70830817,58,70829922
3.59,70833220,59,70832281
3.56,70835021,60,70834653
3.54,70836823,60,70834653
3.52,70838625,61,70837030
3.47,70840426,62,70839421
3.45,70842829,63,70841859
3.45,70844630,64,70844367
3.43,70846432,64,70844367
3.38,70848234,65,70846940
3.36,70850035,66,70849549
3.36,70852438,67,70852130
3.32,70854239,67,70852130
3.99,70856041,68,70854644
2.94,70857843,69,70857097
2.57,70859644,70,70859498
2.89,70861446,70,70859498
2.86,70863848,71,70861854
2.84,70865650,72,70864171
2.87,70867452,73,70866444
2.96,70869253,74,70868679
2.04,70871055,75,70870904
3.74,70873457,76,70873153
2.48,70875259,76,70873153
1.21,70877061,77,70875470
2.93,70878862,78,70877859
2.98,70880664,79,70880285
2.13,70882466,79,70880285
3.36,70884868,80,70882732
3.38,70886670,81,70885192
3.43,70888471,82,70887673
3.41,70890273,83,70890155
3.45,70892075,83,70890155
3.45,70893876,84,70892587
3.50,70896279,85,70894966
3.50,70898080,86,70897300
3.52,70899882,87,70899628
3.50,70901684,87,70899628
3.52,70903485,88,70901965
3.50,70905891,89,70904297
3.42,70907689,90,70906639
3.51,70909491,91,70909021
3.34,70911293,91,70909021
2.50,70913094,92,70911512
1.65,70914896,93,70914140
2.11,70917298,94,70916858
3.37,70919100,94,70916858
3.41,70920902,95,70919591
3.22,70922703,96,70922272
3.26,70924506,96,70922272
1.19,70926907,97,70924922
1.96,70928709,98,70927542
2.42,70930511,99,70930110
3.33,70932312,99,70930110
3.30,70934114,100,70932613
3.33,70936516,101,70935039
3.45,70938318,102,70937407
3.55,70940120,103,70939737
3.61,70942522,104,70942060
3.80,70944324,104,70942060
3.92,70946126,105,70944422
3.04,70947927,106,70946835
4.80,70950329,107,70949323
4.52,70952131,108,70951849
7.45,70953933,108,70951849
7.37,70956335,109,70954424
7.27,70958137,110,70957035
7.56,70959938,111,70959651
4.52,70962340,112,70962224
2.50,70964142,112,70962224
2.47,70965944,113,70964715
2.47,70968346,114,70967162
2.38,70970148,115,70969564
2.11,70971961,116,70971942
1.12,70973751,116,70971942
1.56,70976153,117,70974307
1.55,70977955,118,70976637
1.54,70979757,119,70978951
1.54,70982159,120,70981311
1.57,70983961,121,70983781
1.57,70985762,121,70983781
1.56,70988165,122,70986355
1.54,70989966,123,70988980
1.42,70991768,124,70991622
1.38,70993570,124,70991622
1.36,70995972,125,70994267
1.16,70997774,126,70996929
1.05,70999575,126,70996929
1.05,71001978,127,70999599
1.27,71003779,128,71002236
1.38,71005581,129,71004786
2.40,71007983,130,71007262
2.40,71009785,131,71009704
2.43,71011587,131,71009704
2.43,71013388,132,71012134
2.43,71015791,133,71014565
2.40,71017592,134,71017017
2.19,71019394,134,71017017
1.14,71021796,135,71019494
1.19,71023598,136,71022019
1.20,71025400,137,71024599
1.21,71027802,138,71027222
1.29,71029603,138,71027222
1.28,71031405,139,71029847
1.23,71033807,140,71032451
1.21,71035609,141,71035026
1.25,71037411,141,71035026
1.25,71039212,142,71037547
1.27,71041615,143,71040061
1.27,71043416,144,71042562
1.86,71045218,145,71045033
2.92,71047620,146,71047455
2.54,71049422,146,71047455
2.11,71051224,147,71049852
1.11,71053626,148,71052269
1.23,71055428,149,71054758
1.22,71057229,149,71054758
1.24,71059031,150,71057323
1.30,71061433,151,71059906
1.38,71063235,152,71062492
1.38,71065037,152,71062492
1.38,71067439,153,71065067
1.49,71069241,154,71067637
1.89,71071042,155,71070193
3.68,71073445,156,71072712
3.80,71075246,157,71075173
3.89,71077048,157,71075173
3.25,71078850,158,71077573
4.16,71081252,159,71079951
4.09,71083054,160,71082328
4.00,71084855,161,71084702
4.98,71087258,162,71087065
3.63,71089059,162,71087065
3.39,71090861,163,71089439
1.51,71093263,164,71091863
1.89,71095065,165,71094354
1.75,71096867,165,71094354
1.79,71098668,166,71096884
3.79,71101070,167,71099372
3.67,71102872,168,71101837
3.65,71104674,169,71104269
3.63,71107076,170,71106663
3.61,71108878,170,71106663
3.58,71110679,171,71109049
3.61,71113082,172,71111414
3.58,71114883,173,71113764
3.56,71116685,174,71116102
3.56,71118487,175,71118437
3.56,71120889,176,71120803
3.56,71122691,176,71120803
3.56,71124493,177,71123266
3.56,71126895,178,71125829
3.56,71128696,179,71128438
3.47,71130498,179,71128438
3.12,71132901,180,71131066
3.11,71134702,181,71133724
3.63,71136504,182,71136394
3.65,71138305,182,71136394
3.70,71140708,183,71139035
3.74,71142509,184,71141597
3.79,71144311,185,71144081
3.81,71146713,186,71146501
3.83,71148515,186,71146501
3.86,71150317,187,71148899
3.90,71152719,188,71151286
3.92,71154520,189,71153666
3.01,71156322,190,71156052
4.03,71158124,190,71156052
4.07,71160526,191,71158477
4.18,71162328,192,71160994
4.29,71164130,193,71163613
4.34,71166532,194,71166287
4.32,71168333,194,71166287
4.46,71170135,195,71168952
4.30,71172537,196,71171568
4.21,71174339,197,71174151
5.00,71176141,197,71174151
3.92,71177942,198,71176694
3.81,71180345,199,71179205
3.70,71182146,200,71181658
3.59,71183948,0,71182862
3.52,71185750,1,71184052
3.45,71188152,2,71186413
3.40,71189954,3,71188770
3.33,71191755,4,71191123
3.29,71193562,5,71193543
3.37,71195359,5,71193543
3.13,71197160,6,71196041
3.06,71198962,7,71198605
3.02,71200764,7,71198605
4.00,71202565,8,71201225
2.97,71204367,9,71203901
2.90,71206169,9,71203901
232.86,71207971,10,71206600
2.83,71210373,11,71209274
2.80,71212175,12,71211863
2.79,71213976,12,71211863
2.77,71215778,13,71214379
2.77,71218180,14,71216838
2.74,71219982,15,71219269
2.74,71221783,16,71221675
2.72,71223585,16,71221675
2.68,71225387,17,71224042
2.70,71227789,18,71226386
2.68,71229591,19,71228740
2.66,71231392,20,71231175
2.61,71233194,20,71231175
2.67,71234996,21,71233709
2.65,71237398,22,71236301
2.65,71239200,23,71238913
2.63,71241002,23,71238913
2.66,71242803,24,71241527
2.61,71244605,25,71244142
2.63,71246407,25,71244142
2.63,71248809,26,71246749
2.56,71250610,27,71249335
2.55,71252412,28,71251855
2.59,71254214,28,71251855
2.61,71256016,29,71254301
2.61,71258418,30,71256711
2.61,71260219,31,71259090
2.66,71262021,32,71261477
2.66,71263823,32,71261477
2.70,71265625,33,71263879
2.72,71268027,34,71266325
2.79,71269829,35,71268814
2.82,71271630,36,71271367
2.81,71273432,36,71271367
2.81,71275234,37,71273981
2.84,71277035,38,71276627
2.86,71279437,39,71279264
2.93,71281239,39,71279264
3.00,71283041,40,71281858
2.00,71284843,41,71284401
3.04,71286645,41,71284401
3.13,71289047,42,71286907
3.73,71290848,43,71289385
3.76,71292650,44,71291838
3.17,71294452,45,71294243
5.81,71296253,45,71294243
4.54,71298655,46,71296610
3.21,71300457,47,71298968
2.81,71302259,48,71301380
0.73,71304061,49,71303877
0.67,71305862,49,71303877
0.69,71307664,50,71306422
0.69,71310066,51,71308975
0.64,71311868,52,71311516
0.65,71313670,52,71311516
0.64,71315471,53,71314051
0.66,71317273,54,71316583
0.66,71319676,55,71319092
0.70,71321477,55,71319092
0.45,71323279,56,71321565
1.72,71325080,57,71323980
3.68,71326882,58,71326370
3.59,71329284,59,71328756
3.56,71331086,59,71328756
3.54,71332888,60,71331157
3.52,71334689,61,71333563
3.47,71336491,62,71335984
3.47,71338293,62,71335984
3.43,71340695,63,71338443
3.43,71342497,64,71340973
3.38,71344298,65,71343565
3.36,71346100,65,71343565
3.36,71347902,66,71346196
3.34,71349703,67,71348783
3.02,71352106,68,71351311
3.92,71353907,69,71353782
2.55,71355709,69,71353782
2.90,71357511,70,71356210
2.86,71359312,71,71358599
2.82,71361715,72,71360957
2.87,71363516,73,71363278
2.96,71365318,73,71363278
2.03,71367120,74,71365568
3.89,71368921,75,71367848
2.56,71371324,76,71370158
1.80,71373125,77,71372542
1.88,71374927,77,71372542
2.97,71376729,78,71375002
2.20,71378530,79,71377493
3.38,71380332,80,71379996
3.38,71382734,81,71382500
3.40,71384536,81,71382500
3.43,71386338,82,71385013
3.45,71388139,83,71387511
3.45,71389941,83,71387511
3.50,71392343,85,71392323
3.50,71394145,85,71392323
3.54,71395947,86,71394648
3.47,71397748,87,71396959
3.50,71399550,88,71399269
3.54,71401953,89,71401571
3.45,71403754,89,71401571
3.43,71405556,90,71403877
3.18,71407357,91,71406214
3.54,71409159,92,71408642
1.70,71411561,93,71411180
1.97,71413363,93,71411180
2.22,71415165,94,71413794
3.45,71416966,95,71416430
3.11,71418768,95,71416430
3.65,71421170,96,71419032
2.20,71422972,97,71421607
1.32,71424774,98,71424161
1.42,71426575,98,71424161
3.36,71428377,99,71426675
3.31,71430179,100,71429137
3.33,71432581,101,71431535
3.36,71434383,102,71433887
3.49,71436184,102,71433887
3.55,71438587,104,71438539
3.67,71440388,104,71438539
3.80,71442190,105,71440905
3.96,71444592,106,71443344
3.06,71446394,107,71445861
4.30,71448196,107,71445861
7.49,71449997,108,71448422
7.42,71452399,109,71451042
7.31,71454201,110,71453699
7.16,71456003,110,71453699
7.95,71458405,111,71456367
2.52,71460207,112,71458989
2.50,71462008,113,71461522
2.49,71464411,114,71464003
2.47,71466220,114,71464003
2.15,71468014,115,71466449
2.07,71470417,116,71468873
1.10,71472218,117,71471280
1.56,71474020,118,71473652
1.55,71475821,118,71473652
1.54,71478224,119,71476007
1.57,71480025,120,71478406
1.57,71481827,121,71480912
1.54,71484229,122,71483516
1.54,71486031,122,71483516
1.44,71487833,123,71486169
1.41,71490235,124,71488835
1.34,71492037,125,71491501
1.14,71493838,125,71491501
1.10,71495640,126,71494188
1.04,71498042,127,71496875
1.12,71499844,128,71499525
1.36,71501646,128,71499525
2.40,71504048,129,71502088
2.43,71505850,130,71504579
2.38,71507651,131,71507033
2.43,71510053,132,71509478
2.43,71511855,132,71509478
2.43,71513657,133,71511927
2.93,71515459,134,71514398
1.19,71517861,135,71516900
1.22,71519662,136,71519455
1.22,71521464,136,71519455
1.21,71523866,137,71522082
1.28,71525668,138,71524729
1.27,71527470,139,71527392
1.26,71529872,139,71527392
1.24,71531674,140,71530032
1.23,71533475,141,71532627
1.27,71535878,142,71535188
1.27,71537679,142,71535188
1.22,71539481,143,71537725
1.51,71541283,144,71540247
1.88,71543685,145,71542737
2.90,71545487,146,71545173
2.18,71547288,146,71545173
1.12,71549691,147,71547582
1.16,71551492,148,71550011
1.22,71553294,149,71552517
1.22,71555696,150,71555113
1.27,71557498,150,71555113
1.34,71559300,151,71557705
1.38,71561702,152,71560310
1.38,71563504,153,71562902
1.41,71565305,153,71562902
1.34,71567107,154,71565485
3.76,71569509,155,71568053
3.68,71571311,156,71570583
3.95,71573112,157,71573053
3.98,71575515,158,71575462
3.25,71577316,158,71575462
4.09,71579118,159,71577848
4.05,71581520,160,71580232
4.01,71583322,161,71582612
4.96,71585124,162,71584978
3.60,71586925,162,71584978
2.39,71589328,163,71587356
1.66,71591129,164,71589784
1.91,71592931,165,71592279
1.78,71595333,166,71594800
1.79,71597135,166,71594800
3.74,71598937,167,71597306
3.70,71601339,168,71599778
3.67,71603141,169,71602211
3.65,71604942,170,71604615
3.61,71606744,170,71604615
3.58,71609146,171,71607002
3.58,71610948,172,71609370
3.56,71612750,173,71611722
3.58,71615152,174,71614059
3.56,71616954,175,71616398
3.56,71618755,175,71616398
3.56,71621158,176,71618772
3.56,71622959,177,71621226
3.58,71624761,178,71623785
3.58,71626563,179,71626388
3.47,71628965,179,71626388
3.07,71630767,180,71629009
3.07,71632568,181,71631660
3.61,71634970,182,71634324
3.67,71636772,182,71634324
3.70,71638574,183,71636958
3.74,71640375,184,71639514
3.79,71642778,185,71641994
3.81,71644583,186,71644410
3.83,71646381,186,71644410
3.87,71648783,187,71646803
3.92,71650585,188,71649186
3.98,71652387,189,71651564
3.01,71654789,190,71653947
4.03,71656591,191,71656368
4.09,71658392,191,71656368
4.21,71660194,192,71658884
4.29,71662596,193,71661504
4.29,71664398,194,71664177
4.32,71666200,194,71664177
4.46,71668602,195,71666837
4.25,71670404,196,71669456
4.14,71672205,197,71672038
4.01,71674608,198,71674583
4.90,71676409,198,71674583
3.82,71678211,199,71677095
3.70,71680613,200,71679550
3.59,71682415,1,71681945
3.51,71684217,1,71681945
3.45,71686018,2,71684311
3.42,71687820,3,71686653
3.31,71689622,4,71689019
3.27,71691423,4,71689019
3.36,71693225,5,71691440
3.11,71695027,6,71693938
3.04,71696828,7,71696504
3.02,71699231,8,71699125
4.00,71701032,8,71699125
2.95,71702834,9,71701803
2.88,71704636,10,71704503
2.86,71706438,10,71704503
2.83,71708239,11,71707178
2.80,71710041,12,71709766
2.79,71712443,13,71712281
2.77,71714245,13,71712281
2.75,71716046,14,71714736
2.77,71717848,15,71717162
2.74,71719650,16,71719564
2.74,71721451,16,71719564
2.73,71723854,17,71721927
2.70,71725655,18,71724266
2.68,71727457,19,71726615
2.63,71729259,20,71729045
2.64,71731060,20,71729045
2.67,71733463,21,71731574
2.63,71735264,22,71734163
2.65,71737066,23,71736769
2.66,71738868,23,71736769
2.64,71740669,24,71739379
2.63,71743072,25,71741992
2.61,71744874,26,71744600
2.61,71746675,26,71744600
2.56,71748477,27,71747184
2.55,71750278,28,71749703
2.57,71752080,28,71749703
2.58,71754482,29,71752148
2.61,71756284,30,71754551
2.61,71758086,31,71756938
2.68,71759887,32,71759326
2.68,71761689,32,71759326
2.72,71764091,33,71761728
2.77,71765893,34,71764170
2.79,71767695,35,71766671
2.82,71769496,36,71769228
2.79,71771298,36,71769228
2.84,71773100,37,71771850
2.84,71775502,38,71774504
2.86,71777304,39,71777150
2.95,71779105,39,71777150
2.97,71780907,40,71779752
2.02,71782709,41,71782301
3.06,71785111,42,71784812
3.18,71786913,42,71784812
3.78,71788714,43,71787295
3.73,71790516,44,71789749
3.14,71792318,45,71792153
5.69,71794120,45,71792153
3.49,71796522,46,71794512
3.17,71798323,47,71796857
2.78,71800125,48,71799242
0.74,71801927,49,71801698
0.72,71803729,49,71801698
0.66,71805530,50,71804187
0.73,71807932,51,71806680
0.66,71809734,52,71809151
0.66,71811536,52,71809151
0.64,71813337,53,71811598
0.67,71815139,54,71814045
0.66,71817541,55,71816474
0.64,71819343,56,71818869
0.43,71821145,56,71818869
1.72,71822947,57,71821215
3.61,71824749,58,71823540
3.58,71826550,59,71825863
3.56,71828952,60,71828202
3.54,71830754,61,71830551
3.52,71832556,61,71830551
3.47,71834357,62,71832920
3.45,71836159,63,71835346
3.45,71837961,64,71837851
3.43,71840363,64,71837851
3.40,71842165,65,71840434
3.38,71843966,66,71843056
3.36,71845768,67,71845657
3.34,71847570,67,71845657
3.01,71849972,68,71848202
3.94,71851773,69,71850691
2.53,71853575,70,71853138
2.93,71855377,70,71853138
2.86,71857179,71,71855546
2.82,71859581,72,71857921
2.87,71861382,73,71860258
2.96,71863184,74,71862561
2.06,71864986,75,71864854
3.72,71866788,75,71864854
2.52,71868589,76,71867175
1.40,71870992,77,71869571
2.97,71872793,78,71872045
2.97,71874595,79,71874547
2.96,71876397,79,71874547
2.36,71878198,80,71877059
3.40,71880600,81,71879570
3.43,71882402,82,71882088
3.43,71884204,82,71882088
3.43,71886006,83,71884591
3.45,71887807,84,71887029
3.50,71890209,85,71889405
3.50,71892011,86,71891729
3.47,71893813,86,71891729
3.50,71895615,87,71894040
3.52,71897416,88,71896351
3.45,71899818,89,71898651
3.42,71901620,90,71900954
3.50,71903422,91,71903289
3.62,71905224,91,71903289
1.48,71907025,92,71905715
1.59,71909427,93,71908249
2.18,71911229,94,71910857
3.42,71913031,94,71910857
3.36,71914833,95,71913487
3.23,71916634,96,71916082
3.92,71919036,97,71918651
1.21,71920838,97,71918651
1.05,71922640,98,71921201
3.40,71924442,99,71923709
3.33,71926243,100,71926166
3.25,71928646,101,71928559
3.33,71930447,101,71928559
3.45,71932249,102,71930908
3.53,71934051,103,71933231
3.61,71936453,104,71935554
3.74,71938254,105,71937919
3.85,71940056,105,71937919
3.99,71942458,106,71940356
3.13,71944260,107,71942870
4.53,71946062,108,71945431
7.47,71948464,109,71948048
7.38,71950266,109,71948048
7.29,71952067,110,71950704
7.80,71954470,111,71953370
6.52,71956271,112,71955990
2.50,71958073,112,71955990
2.47,71959875,113,71958523
2.47,71962277,114,71961003
2.42,71964079,115,71963445
2.28,71965885,116,71965866
1.11,71968288,117,71968269
1.48,71970084,117,71968269
1.53,71971886,118,71970637
1.52,71974288,119,71972989
1.54,71976090,120,71975385
1.57,71977893,121,71977891
1.57,71979693,121,71977891
1.57,71982096,122,71980496
1.50,71983897,123,71983150
1.43,71985699,123,71983150
1.38,71988101,124,71985819
1.32,71989903,125,71988488
1.12,71991705,126,71991179
1.05,71994107,127,71993872
1.03,71995908,127,71993872
1.36,71997710,128,71996527
2.38,71999512,129,71999095
2.40,72001914,130,72001589
2.40,72003716,130,72001589
2.43,72005517,131,72004049
2.43,72007920,132,72006497
2.43,72009721,133,72008949
2.27,72011523,134,72011423
2.19,72013325,134,72011423
1.16,72015727,135,72013926
1.17,72017529,136,72016484
1.20,72019330,137,72019099
1.19,72021733,137,72019099
1.30,72023534,138,72021759
1.27,72025337,139,72024422
1.26,72027738,140,72027061
1.23,72029540,140,72027061
1.23,72031342,141,72029651
1.26,72033744,142,72032206
1.29,72035546,143,72034729
1.22,72037347,144,72037224
1.86,72039149,144,72037224
2.92,72041551,145,72039673
2.41,72043353,146,72042059
2.11,72045155,147,72044407
1.11,72047557,148,72046754
1.19,72049359,149,72049143
1.24,72051160,149,72049143
1.24,72053562,150,72051582
1.27,72055364,151,72054037
1.34,72057166,152,72056486
1.38,72058968,153,72058921
1.37,72061370,154,72061350
1.53,72063171,154,72061350
1.88,72064974,155,72063771
3.69,72067375,156,72066173
3.68,72069177,157,72068530
3.89,72070979,158,72070840
3.29,72073381,159,72073140
4.18,72075183,159,72073140
4.05,72076984,160,72075445
4.05,72078786,161,72077755
4.98,72081188,162,72080063
3.65,72082990,163,72082389